100 nodes
200 edges
AaAi 0.997620 AaBc 1.715541 AaDs 2.459382 AbAd 14.727429 AbBy 23.939599 
AbCd 24.143222 AcCw 7.481967 AcDq 18.436617 AdAj 1.955848 AdAn 4.702927 
AdAu 15.030610 AdBf 12.991683 AdBn 16.126797 AdCd 20.430265 AdCt 20.194228 
AdCu 6.212562 AdCy 14.111682 AdDq 22.980002 AeBj 9.063367 AeBl 26.403825 
AeCr 10.258076 AeDg 19.923950 AeDn 34.416960 AfCy 14.806214 AgAj 10.568957 
AgAq 14.288140 AgCb 31.320440 AgCv 14.982475 AhAl 18.838474 AhCk 30.896723 
AiAm 2.723549 AiCc 3.186380 AiCe 3.161556 AiCp 2.412335 AiDe 1.803528 
AjAo 10.061759 AjCd 18.809591 AjCe 7.733473 AjDg 18.492408 AkAl 9.431633 
AkBs 8.277978 AkBy 10.840997 AkDk 9.398182 AkDs 4.706062 AlAs 17.327009 
AlCe 8.215529 AlDl 12.832518 AmBg 5.336476 AmBm 3.808692 AmDu 3.174196 
AnAw 5.605556 AnBc 1.783485 AnBg 1.817139 AnBr 8.248051 AnCy 10.041952 
AnDl 11.051721 AoBm 5.557642 AoCc 3.247508 AoCm 15.102272 ApCh 2.065827 
ApDs 5.306259 AqAx 16.641301 AqBf 14.161698 AqBt 17.471848 AqCc 3.864256 
AqDd 6.836997 ArCc 6.020902 ArCr 18.057492 AsBz 19.175903 AsCd 22.418580 
AtAu 19.202686 AtBg 6.823028 AtBo 11.580815 AtBv 25.607720 AtCq 8.595385 
AtCs 20.787480 AuBh 11.371414 AuBl 10.155370 AuBy 12.261723 AuCt 19.685480 
AvBk 18.411811 AvBm 8.993503 AvBt 13.636308 AvCc 7.382143 AvCz 1.877204 
AvDc 7.484630 AvDe 3.129001 AwBj 11.679008 AwCa 8.238836 AxCk 24.620592 
AxCx 14.443735 AyCb 32.037467 AyCd 19.092720 AyCk 36.366801 AyDo 7.375517 
AzBi 31.644899 AzDa 17.770018 AzDd 28.104415 BaDc 12.800639 BaDt 24.465560 
BbBj 9.110701 BbBx 10.154566 BbDd 10.629100 BbDf 34.704879 BbDk 21.364552 
BcBh 1.727719 BcCw 3.117590 BcDm 4.330939 BdBt 10.761888 BdCa 17.569317 
BdDn 14.803041 BdDo 28.825005 BeDj 11.334035 BeDp 26.844859 BfBg 10.446246 
BfCl 3.274896 BfDh 24.206558 BgCp 5.168338 BhBw 11.098945 BhCu 9.633286 
BhDc 7.208762 BhDu 4.216446 BiCq 11.839286 BiDb 9.165587 BjBv 12.991499 
BjCi 18.796939 BjCp 8.241170 BjCx 10.086834 BkCd 12.263181 BkDk 19.659412 
BlCt 29.647805 BmCn 9.663627 BmDt 12.478999 BnDi 25.334698 BnDm 6.498249 
BoBq 19.665434 BoCw 6.342095 BoDg 19.342250 BoDo 24.667024 BpBt 30.881815 
BrCm 19.606668 BsCz 9.650320 BsDc 15.818205 BtCs 23.048876 BtCu 14.752206 
BuCa 11.937386 BvCn 16.579965 BwCj 8.678851 BxCp 6.449568 ByDq 25.555498 
ByDr 11.558746 BzCf 24.721889 BzDm 7.140298 CaCe 7.409005 CaCl 9.113314 
CaCx 12.214658 CaCz 9.916878 CaDc 12.010621 CbCv 33.411602 CbDq 4.836588 
CcCw 2.738545 CdCg 23.339184 CdCi 19.274754 CdCs 28.502823 CeDe 3.626555 
CfCu 16.384984 CfDk 14.560185 CfDl 22.998759 CgCv 8.665278 CgCz 6.796699 
CgDk 4.266718 CgDr 17.460934 ChDs 5.616312 CiCm 3.269877 CjDf 18.772002 
CjDg 16.100365 CjDt 24.098838 CkDc 19.391405 CkDv 17.597257 CnDp 23.371230 
CoCu 9.191338 CpCx 5.021146 CpDb 4.763306 CpDe 1.687847 CqDb 14.245335 
CrCs 28.950159 CsDj 36.895892 CtDr 22.105877 CuCv 13.595578 CzDs 5.204263 
DaDc 25.290891 DaDv 30.532450 DbDe 4.927721 DdDr 2.299418 DdDu 13.892009 
DeDk 4.703653 DfDn 12.730615 DhDj 31.680089 DiDq 29.785428 DmDr 9.481992 

1.000000 0.000000 0.200000
-8.204649 13.502731 3.160000
-4.008645 8.280746 1.840000
4.348917 5.987230 1.480000
-14.393912 -0.418683 2.880000
-5.506476 -15.447936 3.280000
11.989088 0.511625 2.400000
10.154385 -8.743482 2.680000
0.723177 0.957609 0.240000
2.592600 5.188297 1.160000
-0.326864 -3.585130 0.720000
-1.833410 5.713021 1.200000
-1.798882 -0.063438 0.360000
1.475330 2.379790 0.560000
-4.678039 -1.765207 1.000000
1.606048 -3.443923 0.760000
-1.086736 -5.085175 1.040000
3.981117 -3.648384 1.080000
13.379061 -2.441461 2.720000
0.400526 10.792571 2.160000
0.003014 -8.399999 1.680000
5.561492 0.655597 1.120000
-0.350744 7.591902 1.520000
9.442345 7.725421 2.440000
10.533892 -16.765355 3.960000
-15.400647 11.465603 3.840000
-5.115318 16.631101 3.480000
-9.965263 -10.670217 2.920000
0.011659 1.399951 0.280000
9.201784 10.284317 2.760000
-20.714047 1.888987 4.160000
-8.592900 6.867465 2.200000
1.411664 4.167398 0.880000
-0.799377 2.891539 0.600000
14.972416 2.620452 3.040000
-5.781505 -2.744851 1.280000
-12.792598 0.435242 2.560000
7.860663 -14.620875 3.320000
-2.961306 3.520038 0.920000
-9.196725 -2.753226 1.920000
-8.679293 3.609691 1.880000
-8.397455 -17.709962 3.920000
-8.291566 -15.976543 3.600000
-6.469470 4.357288 1.560000
6.778722 -7.621609 2.040000
-1.361131 12.325069 2.480000
-4.334693 13.312041 2.800000
-1.127016 -14.757027 2.960000
7.163479 -4.758631 1.720000
-0.823837 -6.548381 1.320000
10.261020 -1.694542 2.080000
-4.780279 -8.555053 1.960000
-5.991698 1.593598 1.240000
-18.938744 -4.205233 3.880000
-1.520663 -1.299071 0.400000
-7.492753 -10.623495 2.600000
0.337511 -2.173956 0.440000
0.375048 15.595491 3.120000
8.409411 6.453046 2.120000
3.299437 -2.261352 0.800000
11.735234 -9.342606 3.000000
15.520175 -6.431497 3.360000
-15.121186 9.006094 3.520000
-10.895287 9.106741 2.840000
9.344487 -7.205593 2.360000
-11.095295 -1.527883 2.240000
15.017582 7.966945 3.400000
2.215699 -0.922321 0.480000
8.734777 12.683204 3.080000
-9.313913 8.485931 2.520000
18.581235 0.835285 3.720000
-15.615776 3.485334 3.200000
8.666204 1.528693 1.760000
8.385990 15.017163 3.440000
-3.053332 0.957687 0.640000
3.901444 -5.569447 1.360000
-7.944491 -0.940777 1.600000
3.916807 1.516122 0.840000
-16.663941 -6.257242 3.560000
6.870671 -1.339360 1.400000
4.166382 7.977547 1.800000
0.607467 -11.584083 2.320000
2.491781 0.742312 0.520000
16.006603 12.321877 4.040000
0.914722 -13.168268 2.640000
15.194880 11.070484 3.760000
14.644816 -11.139540 3.680000
-16.455565 12.392513 4.120000
6.715534 2.596459 1.440000
-4.552009 -6.820500 1.640000
-2.891147 -1.789210 0.680000
19.998638 0.233428 4.000000
3.254250 -17.906699 3.640000
-0.032388 18.999972 3.800000
-14.790702 -6.608716 3.240000
2.015716 -9.794738 2.000000
-1.237079 1.014710 0.320000
-8.527724 -7.565575 2.280000
-4.646561 1.203938 0.960000
-1.664787 20.331957 4.080000

A text graph