50 nodes
100 edges
AaAs 0.634927 AaAx 1.669164 AbAc 6.387184 AbAx 3.022584 AbBi 6.387031 
AbBm 5.147491 AbBn 3.459455 AbBs 3.271102 AbBx 4.866677 AcBb 6.635119 
AdAh 5.251336 AdBf 3.319559 AdBk 4.044057 AeAr 5.119929 AeBt 5.484727 
AeBv 6.929968 AfAi 9.050458 AfAv 1.646911 AfBg 6.396821 AfBq 5.088225 
AfBu 5.437016 AgBc 15.349897 AgBf 4.305140 AgBl 2.965448 AhAx 3.597834 
AiAl 4.479783 AiAw 12.779532 AiBd 10.749314 AiBi 5.243524 AiBo 16.312458 
AjAp 5.334732 AjAv 2.618645 AjAw 7.098888 AjBi 6.485561 AjBr 5.577890 
AkAv 3.667394 AkBm 5.467830 AkBx 5.399483 AlBj 2.562157 AlBn 13.140012 
AmBd 4.747875 AmBl 9.219538 AmBu 11.167607 AnAu 9.201567 AnBh 6.247518 
AnBk 8.435266 AnBo 12.724509 AnBr 7.392114 AoAp 18.201014 AoBj 12.078882 
AoBp 1.696803 ApAt 18.727802 ApAw 7.271375 ApAy 6.806348 AqAr 9.828422 
AqBc 3.386749 AqBe 9.836291 AqBr 9.177877 ArBo 5.359347 AsAv 2.039336 
AsBt 2.667577 AtBp 5.191735 AuBf 6.412243 AvBd 4.643924 AvBr 3.001842 
AwBg 14.395314 AwBh 15.695117 AwBm 10.483183 AwBr 9.397209 AwBs 4.098865 
AxBf 3.446339 AxBk 2.688614 AxBr 2.033164 AxBv 1.675067 AyBx 13.350865 
AzBv 9.592117 BaBi 10.700503 BaBo 12.380922 BaBw 4.860817 BbBf 8.118466 
BbBm 3.121107 BbBp 11.625972 BdBf 4.260932 BdBx 3.376091 BeBr 8.666839 
BeBv 10.000820 BfBl 1.932861 BgBp 10.606863 BhBn 9.909555 BiBm 4.644528 
BiBp 8.499160 BiBq 5.468833 BkBm 6.356276 BkBr 1.627958 BlBr 4.365759 
BlBt 6.011121 BmBs 7.164984 BnBv 5.578433 BpBu 16.769142 BuBw 17.016214 

1.000000 0.000000 0.200000
-1.720045 -1.020512 0.400000
4.171886 1.398345 0.880000
4.751143 -2.964226 1.120000
1.603910 -3.664351 0.800000
-2.048060 2.458750 0.640000
5.798064 -0.149861 1.160000
-0.394185 -2.164398 0.440000
6.963214 2.504725 1.480000
-3.361182 0.512306 0.680000
-3.314532 -1.404949 0.720000
6.101067 6.885999 1.840000
-3.860874 -7.460137 1.680000
-5.041119 3.942984 1.280000
10.254251 -1.735032 2.080000
-7.938652 -2.053728 1.640000
-6.398312 -1.619136 1.320000
0.524757 -8.583975 1.720000
1.019234 0.633374 0.240000
9.602440 4.489227 2.120000
4.151895 4.331485 1.200000
-0.897799 1.324370 0.320000
-2.153546 -6.449980 1.360000
0.090146 1.397095 0.280000
-8.351420 4.734320 1.920000
5.679030 -4.425903 1.440000
7.050896 -5.265440 1.760000
-0.407160 6.186616 1.240000
-9.169920 -3.457249 1.960000
-2.168293 -3.120658 0.760000
2.022948 -6.701319 1.400000
1.798165 -1.589529 0.480000
2.001540 7.331701 1.520000
-1.770102 9.231833 1.880000
2.011717 4.136785 0.920000
5.427394 9.337205 2.160000
2.570815 0.388469 0.520000
3.617494 -2.133948 0.840000
-2.631033 4.014681 0.960000
-4.999089 -0.095467 1.000000
-4.824399 -8.759290 2.000000
8.976159 -0.654652 1.800000
-2.286162 7.457444 1.560000
2.033591 1.924710 0.560000
-4.276468 -2.958348 1.040000
-1.643761 0.733519 0.360000
-7.355293 3.146374 1.600000
-0.361038 2.978196 0.600000
4.288021 -9.254884 2.040000
0.309739 -5.391110 1.080000

A text graph