60 nodes
120 edges
AaAw 1.005361 AaCe 1.941227 AbBa 10.757212 AbBi 2.165781 AbBy 6.835815 
AcAr 2.767996 AcBi 3.829797 AcBv 1.722183 AcCa 9.532778 AdAg 2.126862 
AdAu 4.164990 AdAw 2.234507 AdAz 1.835706 AeAj 13.774252 AeBa 5.773765 
AeBz 21.982476 AeCa 11.647206 AeCh 15.928632 AfAu 6.443922 AfAv 16.013682 
AfAz 6.188993 AgAs 8.900443 AgBe 5.431694 AgBp 7.659539 AgBx 10.208436 
AgCd 9.607939 AhAk 6.410307 AhBe 5.114122 AhBv 3.468210 AhCe 3.600941 
AiAl 3.688359 AiAv 20.784781 AiBo 11.229238 AiCb 3.177416 AjAp 3.212735 
AjAv 21.716422 AjBg 17.144631 AkAn 13.583454 AkAx 8.308353 AkBe 4.010976 
AkCa 3.245498 AkCf 4.672861 AlBg 8.689291 AlBk 17.890958 AlBv 14.413777 
AmAy 11.672003 AmBi 5.381105 AmBo 10.191481 AnBg 7.836909 AoBe 14.002266 
AoBk 18.798781 ApBv 14.041184 AqBo 5.861740 AqBu 6.466651 ArBb 3.060336 
ArBp 4.592189 ArBq 6.340538 ArCe 3.713121 AsBh 10.623428 AsBy 10.749395 
AtAv 12.406845 AtBw 9.299398 AuCa 8.120017 AuCe 3.393442 AvBb 7.721405 
AvBh 14.954395 AvCb 22.125179 AvCh 4.103372 AwBi 2.799343 AwCf 3.200251 
AxBi 6.001321 AyBc 9.123488 AyBe 8.574723 AyBg 15.196957 AzBw 10.054780 
AzBx 9.808417 AzBy 3.797901 BaBl 18.628998 BaBn 13.291963 BaBo 10.252058 
BaBq 3.740138 BaBw 5.959205 BbBm 4.927346 BcBr 8.851553 BfBo 8.672009 
BfBt 3.100030 BfBv 7.469905 BfCe 2.852267 BgBu 22.474986 BhBv 10.864705 
BhBz 10.569679 BhCc 19.702856 BiBt 5.470812 BiBy 4.859850 BjBq 11.312502 
BjBt 8.389077 BjBv 10.401459 BjCb 13.089659 BkBv 7.067182 BkCh 11.612298 
BlBx 5.206405 BmBz 15.748428 BnBs 7.306094 BnBt 10.735243 BnBu 3.575766 
BnCb 17.027034 BoBu 5.099051 BoBw 12.995014 BoBz 9.866314 BpBq 3.754926 
BpCc 4.895061 BqBw 2.653551 BrCe 2.070573 BsBt 12.727658 BtCa 4.765017 
BwBz 18.550463 ByCh 13.213535 BzCc 20.498581 CaCc 14.433898 CbCh 19.948746 

1.000000 0.000000 0.200000
-2.906641 -2.124014 0.720000
-0.221869 -3.793517 0.760000
-1.486518 0.591832 0.320000
8.079357 6.861778 2.120000
0.893871 5.933043 1.200000
-1.752233 2.677626 0.640000
0.463540 -2.150612 0.440000
0.144744 10.799030 2.160000
-4.928294 11.378573 2.480000
-4.327837 2.076012 0.960000
3.126892 8.652315 1.840000
3.128772 -2.492145 0.800000
8.441375 -2.486600 1.760000
7.861949 4.380612 1.800000
-2.937877 8.929103 1.880000
-8.614520 6.840326 2.200000
1.633362 -1.758445 0.480000
-2.991409 -6.106674 1.360000
10.563165 -5.259235 2.360000
2.588257 -0.246827 0.520000
-0.913781 -9.958163 2.000000
0.715424 0.963415 0.240000
3.953520 1.417632 0.840000
-4.128081 6.618078 1.560000
-3.150847 1.277562 0.680000
2.348543 7.228025 1.520000
3.756935 -3.878845 1.080000
-6.199582 -2.263888 1.320000
-1.000000 -1.000000 -1.000000
-4.614797 -1.924485 1.000000
2.437267 1.378306 0.560000
10.949263 4.910564 2.400000
-9.286796 2.432162 1.920000
-1.772310 -0.314512 0.360000
-7.098647 3.689067 1.600000
-8.421585 -5.011677 1.960000
2.231105 -11.383416 2.320000
7.631551 -6.767528 2.040000
-8.147499 -0.926421 1.640000
-6.202501 1.577649 1.280000
5.577143 0.505443 1.120000
4.201048 3.998899 1.160000
1.006111 2.826259 0.600000
-4.364829 -7.176926 1.680000
1.242538 4.220912 0.880000
-11.163976 0.897578 2.240000
-1.414546 -5.003904 1.040000
6.695280 3.151703 1.480000
3.012096 -6.318803 1.400000
-1.101607 4.466146 0.920000
-8.061906 -8.060128 2.280000
-3.411693 5.176905 1.240000
3.152052 11.785778 2.440000
10.358187 0.931646 2.080000
7.150015 -0.846927 1.440000
-0.400982 1.341348 0.280000
-1.346761 -1.478593 0.400000
-1.000000 -1.000000 -1.000000
2.757124 -8.146058 1.720000

A text graph