70 nodes
140 edges
AaAb 0.666824 AaBv 1.773007 AaCh 2.469751 AaCq 2.802203 AbAe 3.188655 
AbBf 2.896009 AbBj 2.393812 AbCe 1.829907 AbCo 1.639527 AbCp 2.537789 
AcAw 6.630959 AcBy 12.183595 AdBo 20.830099 AdCp 9.330818 AeBe 4.695638 
AeBn 3.709556 AeCe 4.188155 AfAg 9.939352 AfAo 10.577244 AfCe 8.206990 
AgAn 13.052268 AgAt 5.036494 AgBf 4.059444 AgBl 10.208362 AgBq 9.467139 
AgCe 1.916894 AgCq 6.156313 AhAt 10.950366 AhBg 15.805314 AiAv 12.774570 
AiBg 11.881207 AiBj 5.361850 AiCh 2.922731 AjAo 21.214098 AjBa 14.529061 
AjCr 8.924102 AkAl 13.169452 AkAr 13.645452 AkBs 10.826638 AkCo 9.674935 
AlAq 8.496207 AlBd 10.773742 AlBe 11.122725 AlBj 5.009799 AlBm 6.526903 
AlCk 14.087280 AlCp 6.484375 AnAr 17.963328 AnBg 19.220748 AoAt 9.794582 
AoCa 10.617272 AoCp 7.317356 ApAr 15.055807 ApBc 17.189308 ApBn 11.155066 
ApBu 15.155742 ApBw 3.567647 ApCa 11.912096 ApCn 4.220406 ArAs 11.782728 
ArAx 7.814120 ArCp 5.486995 ArCr 21.627503 AsAt 2.622242 AsBa 11.436742 
AsCh 4.190659 AtAy 7.516812 AtCh 5.212800 AtCj 5.114671 AuCg 20.270102 
AuCm 20.645969 AvAy 4.938594 AvCk 17.991479 AwAx 8.686012 AwBj 7.264859 
AwCd 5.933706 AwCp 4.122021 AxBd 15.536283 AxBg 6.396413 AxBi 19.983733 
AyBz 5.329991 AyCf 11.361720 AyCj 12.553144 AyCq 6.251898 AzBd 13.575393 
AzBx 22.230776 AzBy 3.589812 BaBn 9.747437 BaBy 3.481732 BbBg 4.946572 
BbBt 9.737203 BbCq 5.875881 BcBe 5.211339 BcBy 4.902259 BcCp 6.115862 
BdBf 4.377564 BdCn 8.005677 BeCn 11.047403 BfBw 3.706549 BfCn 4.684037 
BgBn 13.652153 BgBq 16.686411 BgBx 21.383677 BhBx 11.806152 BhCa 12.649522 
BkCe 9.222600 BkCn 12.787735 BlBp 4.261609 BlCf 6.483522 BnCg 15.231952 
BoBy 6.834577 BqCb 6.787254 BqCo 9.901719 BrBu 22.830146 BrCn 13.548042 
BsBy 20.360049 BsCo 8.637948 BtBu 6.373767 BuCd 11.507091 BvBz 2.053049 
BvCa 3.104430 BvCh 1.245712 BwCi 12.562808 BwCl 13.822796 BxCn 9.257865 
BxCr 7.482429 ByCj 20.268498 BzCj 11.491037 CbCh 5.781956 CbCo 5.133653 
CdCi 6.069530 CdCq 4.571468 CeCp 4.066055 CfCi 18.012070 CfCl 19.044561 
CiCl 5.687276 CiCp 8.326806 CkCn 11.243385 CkCp 10.997529 CnCp 8.143259 

1.000000 0.000000 0.200000
0.998473 0.665622 0.240000
5.075005 11.750929 2.560000
6.797676 -3.398765 1.520000
-1.407007 -1.421384 0.400000
-2.727901 6.009871 1.320000
4.278682 -1.026101 0.880000
-9.997623 -0.218017 2.000000
-3.495785 -0.859934 0.720000
-12.162029 -5.625393 2.680000
-6.742039 -1.882792 1.400000
6.144562 0.827259 1.240000
-1.000000 -1.000000 -1.000000
-7.089342 -7.333569 2.040000
7.316455 2.703606 1.560000
4.538523 -7.771860 1.800000
10.728198 -6.218180 2.480000
3.403742 7.239789 1.600000
-2.242150 -3.068023 0.760000
0.210662 -3.994449 0.800000
11.697315 -7.692387 2.800000
7.157890 6.092997 1.880000
3.274824 5.498684 1.280000
-3.491890 10.852037 2.280000
3.781776 2.618812 0.920000
-8.675425 7.700454 2.320000
-6.188152 7.599130 1.960000
1.816265 4.443105 0.960000
-4.640664 6.760491 1.640000
-3.139956 -4.636882 1.120000
-4.949967 1.593056 1.040000
0.406358 -2.162145 0.440000
2.681751 9.217820 1.920000
8.732757 -2.894642 1.840000
14.126940 1.438598 2.840000
1.813085 -1.572489 0.480000
-5.787334 3.570261 1.360000
0.399916 -10.392308 2.080000
12.478525 1.745399 2.520000
-5.001587 -2.035712 1.080000
-11.784495 5.946906 2.640000
3.356004 -13.385710 2.760000
-3.610558 -6.229276 1.440000
-7.344603 -9.489826 2.400000
2.898825 -6.808584 1.480000
10.769685 0.808630 2.160000
8.635179 6.814227 2.200000
-0.088576 1.397195 0.280000
1.872157 -5.489538 1.160000
1.390497 -12.120500 2.440000
-7.079020 10.903553 2.600000
-1.537548 2.806411 0.640000
-3.163419 1.246107 0.680000
2.513372 -3.364961 0.840000
-1.000000 -1.000000 -1.000000
-2.532141 4.311410 1.000000
2.593275 -0.186884 0.520000
6.548375 -8.335393 2.120000
3.240712 10.720904 2.240000
-1.262635 0.982727 0.320000
-8.137266 2.084445 1.680000
-1.729883 -8.628297 1.760000
-6.178040 -5.982627 1.720000
-11.550521 -2.413599 2.360000
7.216381 12.461294 2.880000
4.798199 -3.602400 1.200000
2.185315 1.750542 0.560000
0.068371 2.999221 0.600000
-1.793371 -0.154341 0.360000
-6.086577 -12.161973 2.720000

A text graph