80 nodes
160 edges
AaAm 0.999617 AaBk 1.842283 AbBa 7.183033 AbBc 18.263262 AbCu 21.165973 
AcAx 28.806676 AcCv 10.754657 AdCb 8.066326 AeAg 6.906745 AeAn 6.147126 
AeBf 4.592407 AeBk 3.486259 AeBn 3.332256 AfBt 4.103668 AfCd 18.794375 
AfCp 12.418596 AfDa 12.337408 AfDb 5.778618 AgAr 7.091360 AgBh 11.308922 
AgCm 11.792534 AgCp 5.993170 AhCn 27.327765 AhCq 29.926250 AiBo 26.500810 
AiCj 6.804629 AjCl 23.570671 AjCw 17.279321 AjCz 6.973908 AkBb 12.314352 
AkBc 10.854413 AkBd 14.866091 AkCj 13.540571 AkCp 9.230664 AkCq 20.806882 
AkDb 12.678877 AlBj 8.987190 AlBo 6.436399 AlBt 23.319651 AmCh 1.934005 
AmCo 2.829431 AmCy 3.158482 AnAz 12.347747 AnBm 10.307286 AnBt 7.683678 
AnBx 6.560174 AnCk 8.308312 AoBm 5.845097 AoBr 18.812105 AoCl 10.472482 
ApBj 6.950969 ApBy 11.596942 ApCd 4.638214 ApCg 14.378089 AqBg 15.615287 
AqBw 17.046252 AqCm 19.298846 ArBb 2.357092 ArBd 3.294127 ArBf 6.315308 
ArBj 4.435774 ArBk 3.081754 ArBl 3.962145 ArCo 4.143545 ArCz 6.902844 
AsAt 6.836216 AsBk 2.257153 AsCb 8.606947 AsCc 9.225630 AtBu 6.886249 
AtCg 18.233318 AtCt 5.594736 AuBs 14.790070 AuCm 16.982778 AuCn 4.828421 
AwBm 8.144318 AwBt 18.216765 AwBw 9.670352 AwBz 7.496069 AwCi 10.389103 
AwCj 8.653972 AxBh 6.737008 AyCd 6.809884 AyCe 2.963257 AyCo 5.383197 
AyCu 10.180325 AyCy 3.885577 AyDa 12.814115 AzBg 19.040643 AzCf 16.004725 
AzCl 24.690416 BaBn 1.645948 BaBp 10.012471 BaCn 9.246975 BbBd 3.171636 
BbBy 7.584376 BbCo 6.008029 BbCt 7.589378 BbCw 12.399426 BcBv 26.860078 
BcBw 11.056900 BcBy 19.809382 BcCb 7.339990 BcCk 8.801329 BdBi 9.354526 
BdBm 10.020776 BdCg 8.048664 BdCw 13.467740 BeBg 23.920286 BeBq 10.469648 
BeBv 4.154673 BfCd 12.508619 BfCj 1.660175 BfCz 10.904910 BgCp 14.353512 
BgCz 15.182288 BgDb 9.177100 BhCi 10.146712 BhCn 10.077412 BiCi 7.920014 
BkBl 1.442818 BkBp 1.852247 BkCi 2.793482 BkCt 3.817620 BlCj 9.491641 
BmBs 14.691009 BmCp 14.353519 BnCa 3.446510 BnCe 2.141907 BnCx 7.803198 
BpCh 1.546687 BqCi 5.731520 BqCv 6.747644 BsCd 11.089103 BsCf 12.488612 
BsCy 6.291066 BtCa 17.506370 BtCw 5.575819 BtDa 10.236086 BuCj 17.945276 
BwCt 7.210870 ByCc 12.573901 ByCe 6.569548 ByCs 16.701045 ByDb 20.992223 
BzCa 6.411922 BzCh 4.394343 BzCi 4.775876 BzCo 2.962613 CaCc 9.380560 
CaCv 22.864481 CcCp 10.480292 CeCh 5.161393 CgCj 10.753812 CiCp 5.377508 
CiCs 4.907177 CiCw 5.930523 ClCv 29.054440 CoCp 5.615367 CtCz 7.392648 

1.000000 0.000000 0.200000
2.569721 -13.355019 2.720000
-15.503520 4.699029 3.240000
-11.450875 6.154466 2.600000
1.381567 -1.712096 0.440000
-9.749160 -0.996933 1.960000
-4.202778 2.318761 0.960000
-4.073215 15.472845 3.200000
-5.660916 -12.145536 2.680000
1.645104 12.492143 2.520000
-7.463409 6.038007 1.920000
12.138325 -1.225179 2.440000
0.721183 0.959111 0.240000
-4.738872 -1.594707 1.000000
4.756611 -14.436573 3.040000
11.184800 5.353528 2.480000
-13.712158 5.013653 2.920000
2.385974 -0.259094 0.480000
2.015583 1.642384 0.520000
-4.065895 4.680652 1.240000
7.456021 -7.250362 2.080000
-1.000000 -1.000000 -1.000000
6.059867 -3.888189 1.440000
13.298002 4.377574 2.800000
3.261260 -2.316071 0.800000
-3.028257 10.574954 2.200000
3.031659 -6.309441 1.400000
3.927999 1.486885 0.840000
-12.750830 -3.414139 2.640000
5.451586 -1.280705 1.120000
3.870242 13.662402 2.840000
-1.942402 -4.823596 1.040000
-5.590306 -8.291470 2.000000
7.092285 2.111750 1.480000
1.891817 7.360776 1.520000
4.612104 3.516887 1.160000
-0.213803 1.383578 0.280000
-0.134734 2.796756 0.560000
0.899355 -10.160274 2.040000
2.508396 -4.782044 1.080000
14.925892 4.536271 3.120000
-1.655047 2.502163 0.600000
-3.895160 6.757790 1.560000
-13.387308 -9.473119 3.280000
-1.783415 4.240216 0.920000
-10.801913 2.959505 2.240000
-6.708705 10.901068 2.560000
8.012332 13.617729 3.160000
-2.712870 -7.949864 1.680000
-10.444937 -4.567636 2.280000
6.937720 -5.413690 1.760000
-1.380250 -3.324892 0.720000
2.707256 -8.162767 1.720000
-6.399998 0.005332 1.280000
-5.503172 -3.643500 1.320000
8.893827 1.378346 1.800000
0.663724 -3.741587 0.760000
10.426771 1.908522 2.120000
8.243579 -8.720287 2.400000
-1.209127 1.047860 0.320000
-2.976182 1.175730 0.640000
-2.211959 -6.430182 1.360000
-6.503517 -9.605429 2.320000
13.096235 -8.102384 3.080000
5.028654 9.557857 2.160000
12.176202 -6.494622 2.760000
-1.753157 -0.407973 0.360000
1.508532 4.133320 0.880000
-4.014977 -14.452680 3.000000
-1.000000 -1.000000 -1.000000
-7.223091 3.439035 1.600000
-3.296490 -0.832559 0.680000
5.129741 7.637130 1.840000
-7.746072 12.139126 2.880000
-7.995264 -1.820922 1.640000
-0.699507 -11.779248 2.360000
-0.582625 -1.913256 0.400000
-0.476017 5.981088 1.200000
-2.575598 9.040260 1.880000
-14.010286 -4.769894 2.960000

A text graph