90 nodes
180 edges
AaAb 0.779017 AaAd 1.806517 AaAl 2.463747 AaAt 2.794524 AaBn 2.651865 
AaCa 2.205080 AbCj 2.145498 AbCw 1.700925 AcAm 15.596600 AcBi 11.049633 
AcBm 11.122023 AcBv 18.829931 AdCq 1.806996 AeAq 31.800073 AeBb 28.838182 
AeBi 20.165633 AfBh 16.567439 AfCx 8.666297 AfDd 15.806933 AgAl 1.812075 
AgCu 9.180297 AgCy 10.749432 AhAq 28.742739 AhAv 23.614754 AhAx 14.686876 
AhCo 13.041226 AiAn 11.627341 AiCg 10.846007 AjAp 11.377809 AjAs 9.865852 
AjBf 23.559677 AjBr 1.777093 AjCb 11.707788 AkCc 15.916889 AlAp 1.684420 
AlBm 2.555073 AlBn 2.748420 AlCp 4.142603 AlCt 5.137502 AlDa 5.601584 
AlDe 5.606448 AmAo 21.289289 AmAp 12.241503 AmBf 20.140198 AmBp 14.252916 
AnDa 13.295714 AnDk 6.483401 AoAv 22.738177 AoBz 11.064114 ApCc 11.835123 
ApDd 10.637111 AqCc 10.942631 AqCe 23.841394 AqCo 34.217724 ArCz 14.167146 
AsBf 25.715464 AsBi 14.421833 AsCr 15.294882 AsDa 10.695383 AtAx 5.888538 
AtBh 4.621732 AtBo 3.811980 AtCg 3.289365 AtCl 3.804031 AtCx 5.701593 
AuCh 10.837937 AvBa 18.257811 AvBu 27.590266 AvBy 26.610674 AvCl 15.225481 
AwBn 5.504432 AxAz 16.252667 AxBc 11.090266 AxCi 15.114278 AxDe 3.999044 
AyBo 16.645877 AzCu 4.977008 BaCr 10.098050 BaDe 9.129245 BbBc 9.990844 
BcBv 16.764097 BcCj 6.955084 BcCl 4.538524 BcCt 3.739967 BcCv 18.028745 
BdBy 11.257622 BdCm 33.725885 BdDl 35.316394 BeCl 18.384491 BfCr 16.942865 
BgBm 3.331326 BgCa 7.550994 BgCd 13.446321 BgCr 13.919517 BgDg 13.105649 
BhCq 3.459191 BiBn 6.841053 BiCh 20.545473 BiCl 10.055187 BiCp 7.952628 
BiDg 18.567157 BjCl 19.457533 BjDg 28.809726 BkCd 14.608848 BkCr 20.398774 
BlCf 17.642472 BlCx 19.997581 BlDj 27.211474 BmDa 6.563385 BmDd 12.159864 
BnCb 7.843961 BnDb 8.036665 BnDc 6.878345 BoBw 14.473313 BoBx 10.621359 
BoBy 8.375092 BoCn 10.455841 BpBs 34.458913 BpCe 31.255156 BrCi 5.041620 
BrCj 5.825293 BrCk 16.736251 BrCm 17.148723 BsBy 19.099128 BsDk 16.680897 
BuCe 24.819747 BuCz 19.957010 BvBz 18.455870 BvCu 22.763147 BvDh 23.833453 
BwBx 10.861356 BwCc 6.367076 BwDc 15.501865 BxCe 3.921861 BxCr 16.649514 
ByDh 5.535165 BzCr 12.477852 BzDa 8.663064 BzDb 16.537545 BzDh 13.910927 
CaCf 6.388661 CaCg 5.872427 CcCd 3.547286 CcCg 14.158492 CdCl 12.800719 
CdCq 5.380838 CdCw 5.471086 CdDg 22.526950 CeCl 18.848097 CeCz 6.753845 
CfDh 6.821812 CgCu 4.359786 CgDj 13.612330 ChCv 19.917625 CiCu 13.381096 
CiDc 17.376866 CiDg 11.744244 CiDh 17.872057 CjCr 5.132587 CkCt 13.197811 
CkCx 14.591684 CkDl 22.840493 ClCr 11.269121 CnCv 17.579972 CnDi 23.703036 
CrDj 14.959673 CsDa 6.859188 CuCv 16.019780 CvCy 18.750395 CvDe 12.734127 
CvDi 17.629282 CvDj 24.548848 CwCz 7.463277 CwDb 6.355441 CwDe 1.799725 
CwDf 9.688919 CwDh 10.634565 DaDi 8.252579 DbDk 8.672508 DeDk 14.999598 

1.000000 0.000000 0.200000
0.917366 0.773589 0.240000
1.727556 9.443281 1.920000
-0.148552 1.392096 0.280000
-11.856651 8.857755 2.960000
8.817140 -8.431965 2.440000
-1.111331 2.786565 0.600000
-11.591138 0.453338 2.320000
-8.576663 -10.295671 2.680000
2.699569 -8.375699 1.760000
10.602538 -13.543492 3.440000
-1.247826 1.001464 0.320000
7.435518 -5.070805 1.800000
-9.923651 1.233348 2.000000
-13.078887 -10.544321 3.360000
-2.821608 1.509480 0.640000
16.498232 -5.528864 3.480000
-12.573757 10.529038 3.280000
-7.105424 -7.317988 2.040000
-1.771882 -0.316915 0.360000
-11.603233 -14.280230 3.680000
9.641466 -9.873304 2.760000
4.008026 -3.910975 1.120000
2.711241 3.465425 0.880000
12.398900 -0.165190 2.480000
-8.131051 -8.551374 2.360000
7.303468 8.225531 2.200000
4.933292 -14.588442 3.080000
-1.213986 -6.893928 1.400000
-18.112022 -1.787364 3.640000
13.999998 -0.008190 2.800000
5.709985 14.946440 3.200000
-6.595730 0.237359 1.320000
-1.710009 4.270348 0.920000
5.741238 -0.823518 1.160000
11.897425 7.751857 2.840000
-2.564870 15.995669 3.240000
-5.231049 13.630705 2.920000
-3.381109 -0.357909 0.680000
-0.996193 -1.734243 0.400000
-3.913928 2.778700 0.960000
-0.200457 -16.998818 3.400000
-1.000000 -1.000000 -1.000000
2.805621 -6.630874 1.440000
5.128618 17.045154 3.560000
-1.000000 -1.000000 -1.000000
-16.554300 -1.230909 3.320000
15.153780 -3.704449 3.120000
9.277581 8.525637 2.520000
-0.715823 12.779969 2.560000
-11.021219 6.894398 2.600000
-2.094880 -10.186829 2.080000
0.517611 -2.138242 0.440000
5.163285 3.056222 1.200000
8.931996 2.204417 1.840000
6.181461 4.421486 1.520000
2.966493 14.091129 2.880000
-5.542306 -3.939905 1.360000
-4.996137 -0.196498 1.000000
-14.495505 -3.857503 3.000000
3.204845 -11.564124 2.400000
2.218612 -0.915294 0.480000
-6.770727 7.085002 1.960000
-3.996658 -3.326669 1.040000
14.816330 5.487837 3.160000
-13.042070 -2.035781 2.640000
-11.989862 13.425469 3.600000
-1.873611 -3.074017 0.720000
1.244790 2.508086 0.560000
7.166081 -1.845882 1.480000
5.162389 -9.257956 2.120000
0.687047 -3.737374 0.760000
-7.563717 -3.653790 1.680000
-1.381598 11.114458 2.240000
2.562080 0.442434 0.520000
0.838358 -5.334525 1.080000
-4.411766 -7.382163 1.720000
1.202467 7.706755 1.560000
2.613251 -3.028352 0.800000
-0.031098 6.199922 1.240000
-5.342631 3.523676 1.280000
6.121674 7.133380 1.880000
4.192618 -0.248908 0.840000
-5.315785 5.978497 1.600000
-8.474463 -12.618379 3.040000
-7.813923 2.486484 1.640000
10.654573 -1.766370 2.160000
-2.236819 -13.414792 2.720000
-8.532976 7.559651 2.280000
16.015431 7.298354 3.520000

A text graph