100 nodes
200 edges
AaAh 4.694824 AaAm 17.385856 AaBh 9.087619 AaBj 10.279761 AaCj 16.759326 
AbAg 14.728787 AbBe 19.966517 AbBi 18.820043 AbCp 15.602205 AcAf 16.303170 
AcBd 11.617258 AcBu 24.173052 AcCi 6.225727 AcCs 18.639360 AdCz 9.184948 
AdDi 13.649120 AeAz 21.748981 AeBb 4.439194 AeBp 18.349032 AeCa 5.178750 
AeCs 16.686252 AeDd 7.805191 AfAm 17.381103 AfBc 23.947176 AfBh 17.063395 
AfCj 16.941307 AfDs 14.023481 AgAj 23.300041 AgAl 23.004206 AgCj 21.161833 
AgDv 17.928974 AhBo 23.508868 AhBx 17.994818 AhBy 7.388366 AhDb 4.229482 
AhDf 9.463239 AhDg 4.769357 AiAm 21.043039 AiAn 24.757365 AiAz 21.274612 
AiBx 17.249373 AjAw 15.107296 AjBv 23.841952 AjDq 3.738679 AjDs 18.614102 
AkAz 11.855635 AkBp 19.104225 AkBs 15.392214 AkCr 22.888726 AkDb 19.875041 
AlAp 7.715995 AlAx 10.371781 AlCb 10.728385 AlCi 2.260915 AlDo 23.519114 
AlDq 15.783621 AlDv 13.163430 AmBt 8.580329 AmCh 11.969375 AmCm 23.018829 
AnBg 12.686401 AnBy 21.959924 AoCo 22.839588 ApBb 21.022237 ApBy 8.816421 
ApCe 15.340979 ApDk 17.869358 ApDp 6.924842 AqAy 13.518018 AqDo 12.635852 
ArBe 7.964652 ArBg 6.698651 ArBy 18.144639 ArDc 3.971074 ArDp 22.247916 
AsBv 3.092018 AsDq 13.557427 AsDs 13.087111 AtCk 14.927384 AtDs 21.117268 
AuBu 13.337205 AuCh 1.573962 AuDi 18.579767 AvBj 11.396422 AvBo 5.221148 
AwAz 5.520029 AxAy 12.872208 AxBp 12.839867 AxCo 10.935691 AxCy 6.444675 
AyBe 8.412805 AyDv 21.968813 AzBe 3.560819 AzBr 18.654933 BaBe 1.653183 
BaBn 24.154517 BaBx 22.741464 BaDs 22.711108 BbBn 12.629647 BbBo 16.051516 
BbBu 4.919653 BbBx 19.079103 BcBs 7.788134 BcCg 11.433341 BcDv 20.152663 
BdCa 12.708894 BdCn 19.307908 BdCz 11.047882 BdDj 9.783135 BdDk 21.355334 
BdDs 12.858921 BeCm 10.457848 BeCt 8.322393 BeDn 16.867515 BfBl 23.247611 
BfBs 7.364194 BfCm 21.833972 BfCp 18.953992 BgCu 8.385719 BhDf 1.913467 
BiDq 23.799478 BjBu 8.321489 BjCc 16.544074 BjDn 19.468036 BkCc 7.312590 
BkCy 11.225778 BlCh 19.984707 BlCz 7.153360 BlDc 9.922677 BmDo 18.102952 
BmDq 17.742112 BoCe 1.294992 BoDd 24.485630 BpCc 18.160286 BpCi 2.209220 
BpDu 9.194579 BpDv 13.132886 BqCe 7.146198 BqCx 5.992150 BqDj 17.602748 
BrCn 10.727403 BrDd 2.821636 BrDm 2.167426 BtBu 4.287481 BtDv 18.981889 
BwCo 24.392226 BwDo 3.123698 ByCc 17.078050 ByCo 19.199267 BzCi 23.498217 
BzDe 16.742385 BzDh 24.399796 CaCe 12.328026 CaCs 18.769805 CaDi 13.143817 
CbCv 19.690490 CbDp 7.522157 CcCt 6.904888 CcCy 9.929455 CdCi 17.406127 
CdCr 15.211904 CdCs 3.854178 CdDi 18.700011 CdDu 1.393538 CeCx 13.119332 
CfCq 13.302801 CgCy 12.364195 ChCi 6.116158 ChCs 8.731503 CiDi 21.391983 
CjDf 7.787774 CkDp 8.308481 ClDm 1.485406 CmCt 7.066513 CnDc 19.284811 
CoCp 8.637393 CoDi 17.116210 CqDk 5.316093 CrDg 11.499312 CsDn 7.138281 
CuDq 16.043404 CuDs 20.786710 CwDe 21.911398 CwDf 14.721341 CwDm 13.948702 
CxDk 5.482611 CyDn 22.647542 CyDr 8.887363 CzDi 19.232010 CzDv 8.687556 
DbDd 15.416375 DcDg 6.192232 DcDj 21.919516 DeDj 16.836064 DfDr 13.027974 
DhDt 7.222590 DjDt 6.630497 DlDs 6.954722 DnDo 13.796212 DtDu 3.466590 

1.000000 0.000000 0.200000
-10.410528 -4.130485 2.240000
-7.854188 -1.520438 1.600000
8.766545 -17.530194 3.920000
11.081050 -4.055900 2.360000
-3.135990 -1.313609 0.680000
-0.018790 -5.199966 1.040000
0.912307 0.779548 0.240000
-0.667765 -3.537526 0.720000
-1.921250 -11.236939 2.280000
6.036874 -3.543467 1.400000
6.504244 -9.604937 2.320000
0.099525 1.396458 0.280000
-5.008977 3.653786 1.240000
8.844648 10.331128 2.720000
-6.399993 -0.009714 1.280000
17.086068 -5.662709 3.600000
-3.512550 -5.587665 1.320000
4.826770 -15.464226 3.240000
15.853220 -4.199455 3.280000
4.689033 7.681990 1.800000
-1.291492 4.206192 0.880000
-4.943738 16.265284 3.400000
1.636473 13.702626 2.760000
-13.928982 10.090761 3.440000
7.202698 -4.699058 1.720000
-1.675487 5.761314 1.200000
3.984964 -3.644182 1.080000
-5.256481 -6.293600 1.640000
-15.449952 -3.307415 3.160000
-5.905951 -7.820469 1.960000
2.459909 -9.692721 2.000000
3.844514 -12.418523 2.600000
-1.074870 1.185181 0.320000
12.729730 13.285856 3.680000
-1.766033 0.348032 0.360000
8.472432 6.031409 2.080000
-0.546502 9.183754 1.840000
17.725366 4.129335 3.640000
11.094299 4.573458 2.400000
0.466731 -2.149922 0.440000
2.740532 10.239604 2.120000
3.392607 11.718798 2.440000
-4.459534 -11.998023 2.560000
3.569908 -14.156827 2.920000
2.575059 -2.794472 0.760000
-3.700995 2.731782 0.920000
4.359774 18.081824 3.720000
-11.099322 8.532588 2.800000
1.647366 -1.745333 0.480000
2.586759 0.262065 0.520000
-7.187388 -16.065536 3.520000
-8.563711 8.967879 2.480000
-17.564566 7.244723 3.800000
-4.685717 -1.041179 0.960000
9.018502 12.235466 3.040000
5.562329 -0.648461 1.120000
-19.506867 6.621339 4.120000
-5.433960 -15.048989 3.200000
3.996774 0.160607 0.800000
-6.439848 6.847507 1.880000
-1.346353 -1.478964 0.400000
-1.621489 -19.332118 3.880000
18.813492 -6.171913 3.960000
2.312793 3.505851 0.840000
0.324968 15.396571 3.080000
2.815070 -6.189942 1.360000
-13.179463 -5.285997 2.840000
-16.868339 -9.170558 3.840000
-3.499751 6.746239 1.520000
-9.392460 -1.985368 1.920000
9.331545 -4.118527 2.040000
15.329482 6.369220 3.320000
-10.394165 17.553385 4.080000
6.641161 2.781184 1.440000
-12.278634 -2.827569 2.520000
-4.122473 9.982245 2.160000
-16.691907 -4.913271 3.480000
-1.000000 -1.000000 -1.000000
1.429164 2.407798 0.560000
-7.204780 2.988503 1.560000
3.721705 4.448473 1.160000
13.242548 -6.608701 2.960000
-1.191746 2.753133 0.600000
-3.164425 0.475833 0.640000
2.802448 20.004657 4.040000
-6.330210 -12.934004 2.880000
-13.190618 8.328721 3.120000
12.272956 -4.859480 2.640000
10.107551 13.419293 3.360000
14.838616 2.194417 3.000000
-3.672046 -3.393534 1.000000
-10.597837 2.947176 2.200000
12.781796 4.023146 2.680000
-10.270895 15.746387 3.760000
3.025142 6.753408 1.480000
1.584856 -8.249135 1.680000
18.413340 7.806977 4.000000
4.976649 -17.090142 3.560000
8.749043 0.945645 1.760000

A graph with unknown solution, probably unexisting