60 nodes
120 edges
AaAp 13.024076 AbAc 1.605178 AbBn 3.767622 AbBy 3.091295 AcBd 13.614786 
AcBe 7.927972 AcBx 23.885993 AdAt 6.714667 AdBe 1.595734 AeBk 14.901693 
AeBz 20.741132 AfAh 9.196442 AfAm 22.865187 AfAq 10.222245 AfBn 18.487718 
AfCe 11.518961 AgAk 5.553708 AgBx 8.045195 AhAk 3.636042 AhBj 7.281487 
AiAp 2.615079 AiBh 2.767893 AjAo 5.670538 AjBc 11.259380 AjBd 24.611164 
AjBq 6.987519 AkAo 4.032082 AkBd 18.071264 AkBi 6.846502 AkBm 21.127562 
AkBu 15.487500 AkBv 17.596450 AkBz 10.599186 AlAr 3.448484 AlAy 23.601510 
AlBb 1.176880 AmBj 5.808835 AmBx 22.565881 AnBf 15.724753 AnBg 7.501099 
AnBh 15.548968 AnBq 8.906922 AnBt 21.623059 AnBy 13.478701 AnBz 7.247530 
AnCd 20.236168 AoAq 5.578694 AoAu 8.163750 AoBf 17.951824 AoBt 13.052018 
AoBv 4.052316 ApAt 11.119351 ApAz 23.530357 ApBc 21.433760 ApBh 13.506125 
ApCa 2.466616 AqBd 18.896736 AqBo 10.451492 ArBi 10.360245 ArBj 14.301614 
AsBd 11.235826 AsCf 23.129646 AtBs 24.464176 AtBt 17.481576 AtCg 12.413815 
AtCh 14.749119 AuBd 15.720889 AuBo 17.399547 AvBb 5.304217 AvBg 19.315805 
AwBd 22.556416 AwBf 3.880549 AwBl 6.518224 AwBu 7.673593 AyBh 6.387497 
AyBi 22.887646 AyBl 1.096674 AzBa 3.250051 AzBx 14.109409 AzCh 15.022825 
BaBb 4.440025 BaBg 17.340878 BbBz 2.116441 BbCh 7.748590 BcBs 9.374023 
BcCg 1.261576 BeBh 9.149993 BeBq 6.795143 BeBw 12.924351 BeCh 24.454423 
BgCa 23.014775 BgCd 8.422113 BhCb 23.986111 BhCd 24.481662 BhCf 15.735975 
BiBu 23.964164 BkCg 16.741727 BlBp 22.950282 BlCd 1.425257 BoBr 18.106745 
BoBw 10.384623 BoCe 21.197909 BoCh 20.334008 BpCa 14.541524 BqBt 12.708450 
BqBv 9.430650 BqBz 5.665751 BqCb 21.189972 BqCd 10.205294 BrCf 24.220460 
BsCh 3.217288 BtBz 15.756307 BuBx 14.751195 BuCb 4.501856 BuCf 6.495884 
BvCd 3.525961 BwBy 4.495472 BwCc 3.394772 CbCg 1.625987 CdCf 12.538706 

1.000000 0.000000 0.200000
10.534493 -3.166143 2.200000
-4.541530 -5.326772 1.400000
2.581535 -0.309320 0.520000
-1.674388 -10.466920 2.120000
10.228904 4.561745 2.240000
-1.186389 -7.101583 1.440000
-1.445434 -12.114071 2.440000
0.039870 1.399432 0.280000
3.360138 -2.170132 0.800000
-6.661875 7.457843 2.000000
-7.228011 4.279703 1.680000
4.862689 -5.578016 1.480000
3.980208 1.340874 0.840000
5.369431 -2.192992 1.160000
0.633383 1.019228 0.240000
-10.179911 0.639847 2.040000
-11.725379 1.324949 2.360000
9.354713 -0.921596 1.880000
-1.316771 0.908908 0.320000
-8.638326 -5.791314 2.080000
1.633733 9.662863 1.960000
-5.865405 10.007848 2.320000
-1.000000 -1.000000 -1.000000
1.798986 4.015427 0.880000
-1.778309 -0.278597 0.360000
-2.255152 -2.806116 0.720000
-6.433986 1.470995 1.320000
-1.005420 -1.728910 0.400000
7.397564 2.473063 1.560000
-1.300921 4.412211 0.920000
2.969883 7.428310 1.600000
-1.887658 -5.059323 1.080000
0.474835 -2.148146 0.440000
-8.591684 -0.378101 1.720000
5.150373 10.170234 2.280000
-1.990345 6.082641 1.280000
-6.230136 -6.214934 1.760000
9.338568 -8.157889 2.480000
12.582279 0.668028 2.520000
-6.469877 -2.093011 1.360000
1.206960 -5.468386 1.120000
5.924388 0.949542 1.200000
8.172772 5.036446 1.920000
2.500585 1.259792 0.560000
0.510585 2.956231 0.600000
7.439872 -1.551871 1.520000
4.590024 -7.973185 1.840000
-1.256315 -8.911884 1.800000
1.283902 -3.576534 0.760000
-4.013708 7.150535 1.640000
3.453226 5.149294 1.240000
1.685175 -1.708855 0.480000
-3.910791 2.783112 0.960000
-9.571987 -7.237200 2.400000
-4.983426 0.406775 1.000000
7.362334 -7.901648 2.160000
-4.271520 -2.965488 1.040000
-1.422800 2.866294 0.640000
-3.383102 0.338555 0.680000

A graph with unknown solution, probably unexisting