70 nodes
140 edges
AaAn 18.902697 AaBi 2.437557 AaBy 11.019967 AbAo 3.194997 AbBf 12.279401 
AbBu 23.315566 AbCa 15.527952 AbCg 7.715375 AbCn 3.909747 AcAk 22.491190 
AcAq 15.343529 AcBy 16.119729 AdAh 12.260566 AdBn 24.542854 AdBv 15.716401 
AdBx 10.387024 AdCc 11.249161 AeAj 5.998242 AeBb 23.809365 AeBt 11.289625 
AeCh 12.072703 AfAm 7.966678 AfAy 9.588776 AfBq 8.350552 AfBr 5.615480 
AfBt 10.849584 AfBu 22.798466 AfBx 23.944688 AfBy 6.995179 AgAp 20.914950 
AgAs 11.271500 AgAy 9.864512 AgAz 10.342992 AgCm 1.706559 AhAw 22.416105 
AhAx 12.843973 AhAy 14.999257 AhCf 18.690816 AhCn 22.107062 AhCp 22.051905 
AiBg 24.723303 AiBm 10.117146 AiCr 20.103001 AjAo 19.449160 AjBf 22.600558 
AjBn 3.462164 AkBf 16.163303 AkBq 23.630114 AkCm 12.005446 AlAz 24.553167 
AlBf 10.667371 AlBn 9.919377 AlCp 14.457810 AmAq 8.693366 AmBm 13.542345 
AnBi 2.373996 AnBm 9.775132 AnBp 24.419205 AnCe 3.713340 AnCg 22.349836 
AoAt 22.569966 AoBq 10.858595 AoCd 18.081262 AoCe 1.707420 AoCo 2.925371 
ApBs 5.519845 ArAz 14.746887 ArCp 13.374724 ArCq 11.328276 ArCr 19.072867 
AsBw 20.399657 AsCn 4.034111 AtCd 4.370505 AuBg 16.318863 AvBb 14.995915 
AvBl 13.025424 AvBu 2.354557 AvCa 23.660012 AvCh 4.185344 AvCp 13.715923 
AwCb 20.395360 AwCq 12.362297 AxBr 4.044053 AxCc 8.154732 AxCg 22.868316 
AxCn 1.931736 AyCk 13.944235 AzBm 20.115564 AzCg 16.414807 AzCn 17.544679 
BaBh 5.130168 BaBl 22.766364 BaBs 19.456303 BbBs 6.410986 BbCf 17.358330 
BcBl 22.112809 BcCc 1.046169 BdBh 16.424676 BdBm 23.221534 BdBv 5.117524 
BdCd 6.423867 BdCg 6.609007 BeCc 13.424238 BfBh 12.588941 BfCp 12.559449 
BgBz 4.820946 BgCq 24.962122 BhCl 4.367041 BhCq 8.316511 BiBz 7.940668 
BiCg 9.628510 BiCn 2.633594 BlCb 3.701900 BlCo 13.201774 BmBq 24.490310 
BmCe 21.760526 BmCi 6.746713 BmCp 4.820161 BoCe 3.629462 BoCj 18.136666 
BoCr 16.012002 BpCf 21.853407 BpCj 21.353276 BsCi 13.957211 BsCl 13.230966 
BtCf 15.621579 BtCg 23.851979 BuBy 18.089591 BuCn 2.250813 BuCo 20.960619 
BvCa 21.795140 ByCa 24.469313 BzCc 9.258701 CaCl 16.847590 CaCp 20.679333 
CdCe 22.276933 CeCn 22.652596 CgCi 19.807189 CjCn 19.042927 CoCr 11.819035 

1.000000 0.000000 0.200000
-0.215746 6.196245 1.240000
0.020979 2.999927 0.600000
4.254268 -11.220571 2.400000
-8.039251 8.082725 2.280000
-1.872886 2.594667 0.640000
-0.303978 9.595186 1.920000
5.019487 -5.161856 1.440000
-1.710731 -3.393140 0.760000
6.968264 8.511362 2.200000
6.380494 4.129079 1.520000
-8.289665 5.226992 1.960000
0.652656 -3.946396 0.800000
0.661369 1.001295 0.240000
2.786365 -4.857589 1.120000
12.694215 -5.412663 2.760000
2.949150 7.220977 1.560000
-9.874238 -1.580959 2.000000
7.228061 -1.585917 1.480000
0.101171 11.199543 2.240000
-11.599890 0.050576 2.320000
-5.490355 -6.619365 1.720000
6.680576 10.683160 2.520000
-4.326919 4.715695 1.280000
-2.439709 7.618912 1.600000
3.502768 -2.317460 0.840000
1.180181 14.150872 2.840000
10.757715 0.954755 2.160000
10.496955 -6.217229 2.440000
4.372227 0.493589 0.880000
11.439564 4.785015 2.480000
9.032867 -5.546830 2.120000
-4.622438 -4.987291 1.360000
-5.379766 -8.665917 2.040000
-0.277398 1.372243 0.280000
-1.000000 -1.000000 -1.000000
-1.000000 -1.000000 -1.000000
-4.686683 -12.553685 2.680000
-1.797455 0.095684 0.360000
11.736808 7.631995 2.800000
5.777523 -0.510126 1.160000
-1.446900 -1.380753 0.400000
3.637843 2.815332 0.920000
-7.029954 4.221344 1.640000
2.770766 -10.024114 2.080000
-6.599654 -0.067562 1.320000
-3.388848 0.275154 0.680000
5.987702 -6.719184 1.800000
-1.436301 12.719160 2.560000
-8.013999 -2.517107 1.680000
-1.257770 0.988947 0.320000
2.563623 -0.433403 0.520000
-3.072254 -1.876501 0.720000
-10.622898 9.721833 2.880000
-0.412919 -6.987811 1.400000
4.043860 4.432516 1.200000
-0.063105 -2.199095 0.440000
-5.112527 -0.949773 1.040000
1.816988 -1.567977 0.480000
8.111517 -10.916194 2.720000
-0.133386 4.798146 0.960000
-2.108859 -4.971188 1.080000
-12.861799 -2.968860 2.640000
9.191555 -0.394109 1.840000
-9.627585 8.735538 2.600000
2.340555 1.536816 0.560000
0.434024 -8.789290 1.760000
-4.358000 2.451089 1.000000
-7.260456 -9.301923 2.360000
7.219164 6.020272 1.880000

A graph with unknown solution, probably unexisting