80 nodes
160 edges
AaAw 22.933906 AaAz 23.779029 AaBk 20.596119 AaBm 21.815974 AaCl 13.854094 
AbAf 4.606104 AbBf 4.500143 AbBk 22.872276 AbBr 21.492471 AbBt 7.405891 
AbCb 19.358669 AcAi 8.380143 AcAs 16.873263 AcBi 12.306946 AdAr 18.861466 
AdAw 3.937601 AeBc 5.761189 AeBu 2.869702 AeCh 14.544144 AfBh 21.404470 
AfBz 15.611479 AfCb 12.345907 AfCr 14.071416 AgAn 16.749968 AgAr 4.498158 
AgCu 21.636200 AhAi 17.941635 AiAn 20.878338 AiBg 13.059550 AjCc 7.710739 
AjCi 7.054517 AjCy 14.343395 AkCr 5.705764 AlBe 4.076776 AlBt 2.547962 
AlCn 13.365621 AlDa 12.644718 AmBo 6.848877 AmCc 7.053137 AnBl 14.057841 
AnCc 6.150365 AnCj 24.418874 AoBb 19.856555 AoBz 9.945635 ApCe 2.902433 
ApCj 24.526750 AqAt 8.026388 AqAv 11.127005 AqBu 21.207292 ArAv 9.646937 
ArCa 4.021156 ArCm 13.081259 AsBf 8.479592 AsCp 10.676034 AtBz 12.274693 
AtCb 2.328660 AuBh 24.994380 AuBw 18.100205 AuCb 12.083655 AuCk 12.556242 
AuCz 12.574132 AvBm 16.506490 AvBt 15.841104 AwBf 12.169559 AwBl 20.993237 
AwCx 2.938750 AwCy 13.139932 AxBp 7.457706 AxCj 1.362005 AxCx 1.568727 
AyBa 3.157799 AyBf 17.185282 AyBh 18.249476 AyBk 3.625796 AyBn 14.817398 
AyCd 11.527075 AzBs 12.101953 AzCg 14.366359 BaBi 7.099606 BaBn 14.953870 
BaBv 3.576858 BbCm 21.746590 BbCw 7.694926 BbCx 7.057575 BcBt 19.595391 
BcCi 24.486716 BcCv 6.962715 BdBf 9.499605 BdBv 11.629209 BeCc 16.788135 
BeCi 1.110643 BeCy 15.875820 BfCm 19.356342 BfCr 21.449468 BfCy 5.792109 
BfDa 11.250383 BgBh 9.673993 BgBx 8.975054 BgCd 20.328197 BgCi 2.759456 
BgCs 10.753240 BhBv 10.908111 BhCl 7.010202 BiCb 16.752044 BiCc 5.050714 
BiCg 22.849123 BiCh 10.607050 BiCs 13.194666 BjBl 3.634697 BjBv 14.935338 
BjCd 14.517687 BjCg 19.885604 BjCh 23.711038 BjCi 8.863408 BkCi 18.954094 
BkCr 11.222557 BlBp 24.674036 BlCx 22.404396 BmCw 7.336162 BmDa 21.488419 
BnBx 16.559285 BnCa 1.369205 BnCc 7.123893 BnCq 2.771245 BnCs 19.769664 
BnCv 9.350514 BsCn 6.575015 BsDb 9.821874 BtCq 20.075050 BuCr 18.133460 
BuCx 12.936470 ByCa 10.282367 ByCc 3.333844 ByCk 15.052895 ByCq 23.436778 
ByCv 11.515565 ByCx 7.406570 BzCg 20.544033 BzCj 12.292933 BzCl 24.446039 
CaCl 18.741695 CaCs 5.555450 CbCn 12.282168 CdCk 17.092728 CdCo 11.406025 
CdCw 18.794730 CeCs 22.273482 CfCn 20.090316 CfDb 21.126785 CgCo 9.476761 
CgCs 5.358181 ChCt 16.078875 ChCw 21.298406 ChDb 23.411117 CiCw 3.172645 
CjCu 11.804109 CqCv 20.952056 CrDb 16.220083 CtCu 23.393472 CtCz 13.410120 

1.000000 0.000000 0.200000
-2.192260 -2.855521 0.720000
-6.595257 -11.202794 2.600000
0.756507 -2.065841 0.440000
10.996890 8.337171 2.760000
-5.651656 7.259393 1.840000
-11.665420 -5.268583 2.560000
-15.523172 -4.633697 3.240000
11.090136 -7.521229 2.680000
-6.039070 4.936561 1.560000
-10.314524 3.822380 2.200000
6.127032 -9.849847 2.320000
-7.529248 -14.569503 3.280000
-6.356102 -0.748312 1.280000
3.809498 11.589984 2.440000
0.415205 15.794544 3.160000
-10.582802 -3.666649 2.240000
5.559752 -0.670192 1.120000
4.477239 3.687049 1.160000
-6.888914 10.310328 2.480000
10.678357 -5.021224 2.360000
1.952422 3.943102 0.880000
0.783636 0.908798 0.240000
6.494912 -2.610769 1.400000
0.526885 -3.763295 0.760000
-0.093908 1.396847 0.280000
7.240421 -6.897557 2.000000
6.275340 3.529889 1.440000
0.655662 10.579703 2.120000
-0.559292 5.973876 1.200000
-7.712435 -2.125639 1.600000
2.257052 -0.815913 0.480000
-5.376078 9.366845 2.160000
-4.530867 -2.114531 1.000000
8.409215 -1.801417 1.720000
-3.508273 -5.590351 1.320000
-1.427927 0.721820 0.320000
2.446370 0.880497 0.520000
-1.656524 -0.704222 0.360000
10.060628 1.680404 2.040000
5.239073 -15.751575 3.320000
3.150652 -6.026060 1.360000
-1.000000 -1.000000 -1.000000
-9.366236 0.796002 1.880000
-2.842273 1.470198 0.640000
-7.577423 -5.894291 1.920000
3.707984 6.403972 1.480000
9.896795 6.786269 2.400000
15.250033 -2.143941 3.080000
3.703684 -14.535568 3.000000
-2.322552 7.236418 1.520000
-0.690611 -5.153936 1.040000
3.933034 -3.700168 1.080000
-0.085336 -9.799628 1.960000
13.593083 0.433696 2.720000
6.843594 7.831042 2.080000
-9.113633 -11.661119 2.960000
-14.486514 -1.816837 2.920000
-3.317338 -0.745165 0.680000
-5.074907 -10.208101 2.280000
3.641934 -1.654181 0.800000
-11.805377 4.403757 2.520000
5.034301 13.063530 2.800000
-0.479953 -1.941557 0.400000
-4.154627 4.602073 1.240000
-3.827612 -7.251854 1.640000
7.206726 5.050060 1.760000
1.182722 -13.146907 2.640000
-3.009008 13.877531 2.840000
4.175716 0.450992 0.840000
1.626318 8.851841 1.800000
11.046742 -10.440761 3.040000
-11.774454 10.833385 3.200000
-10.589120 9.758613 2.880000
-0.983015 4.493738 0.920000
0.779144 2.689412 0.560000
-1.520796 2.585958 0.600000
13.176221 8.351479 3.120000
-3.980993 2.681733 0.960000
3.014997 -7.840267 1.680000

A graph with unknown solution, probably unexisting