90 nodes
180 edges
AaAf 3.776022 AaAm 16.705126 AaBi 15.999199 AaBo 13.341180 AaCz 20.742878 
AbAp 2.175553 AbAr 2.687319 AbBn 18.121774 AbBu 13.299451 AcAs 1.109830 
AcBe 16.636859 AcBr 24.460784 AcBz 20.341511 AcCw 7.323266 AcDa 17.711634 
AdCj 22.724891 AeCj 14.976658 AeCq 18.464727 AeDc 16.399369 AeDj 4.783934 
AfAi 22.689210 AfAz 14.033340 AfCy 14.359374 AgAr 5.204192 AgCq 4.842786 
AhBy 15.730584 AhDj 13.162715 AiAj 8.036125 AiBd 20.896194 AiBo 21.929256 
AjAp 7.057561 AjAu 21.998898 AjAv 13.076286 AjBo 8.641199 AjBr 20.748056 
AkAs 21.257994 AkBd 11.479051 AkCd 14.516535 AlAm 8.824424 AlBy 6.902938 
AlCa 15.787739 AmBk 16.844471 AmBt 20.042911 AmCf 18.385838 AmCg 2.549423 
AmCp 9.004870 AnBw 12.804902 AnDj 20.311824 AoAx 13.184160 AoAy 8.180872 
AoCm 6.683081 AoCp 20.038250 AoCr 20.694274 ApAy 6.380776 ApBd 14.690498 
ApBf 24.359919 ApCh 9.307841 AqBv 23.850862 AqCg 10.330280 ArCn 15.945439 
AsAy 20.616689 AsCn 8.931116 AtBh 24.138371 AtBj 16.994380 AtBl 8.648797 
AtBp 6.935140 AtCh 2.579286 AtCo 10.703606 AtDk 9.683750 AuBe 17.026809 
AuCe 10.911368 AuCn 14.059536 AuCt 12.231037 AvCb 7.031309 AvCd 22.615325 
AwBj 3.756412 AxBd 23.918499 AxBe 19.976211 AxBl 19.182561 AxBn 14.890641 
AxBq 3.813819 AxCg 11.524294 AxCh 24.355651 AxDb 4.409773 AyBw 18.919139 
AyCh 13.319266 AyCn 10.179183 AyCz 3.783755 AzBh 1.518742 AzBj 9.029855 
AzBo 5.917911 AzCi 10.441928 BaBx 6.191416 BaCz 22.929960 BaDa 21.779523 
BaDi 24.257224 BbBh 10.168179 BbBr 19.271037 BbCd 19.413928 BbCe 1.835463 
BcCn 22.575772 BcCy 3.629579 BdCl 6.570325 BfBq 4.897747 BfCr 15.700854 
BfDb 7.286646 BfDk 17.795213 BgDa 3.648326 BgDh 5.887035 BhCg 7.744925 
BhCm 17.863818 BiBs 15.942483 BiCg 16.576079 BiDa 11.867486 BjBp 14.310131 
BjCd 8.651075 BkBm 13.890268 BkBr 7.635464 BkCn 16.353116 BlBr 22.858428 
BlBw 20.139096 BlCa 2.063328 BlDe 8.640858 BmBy 7.755436 BmCr 22.587939 
BnCd 24.972282 BnCp 9.336295 BnCr 19.908632 BnDg 15.720197 BnDl 24.716795 
BpDi 8.220292 BqBv 19.732739 BqCv 6.026724 BqDg 7.249640 BrBv 18.979650 
BrCq 21.708363 BtCv 7.440960 BuCb 6.160638 BuCd 20.695416 BuCx 23.354961 
BuDd 2.026562 BuDk 4.334065 BvCq 21.573160 BvCz 8.345526 BvDd 19.689451 
BxCj 8.498535 BxCp 1.126633 BzCa 18.292541 BzDf 3.043872 BzDi 3.352876 
CaCt 5.961251 CaCu 6.563461 CaDh 13.108458 CcCj 2.437690 CgCm 24.934062 
CgCt 7.199574 ChCm 17.329790 ChDl 24.271792 CiDf 24.568391 CjDg 8.031935 
CkCt 15.807409 CkDe 21.911404 ClCq 21.465230 CnDd 1.166871 CpCq 20.860357 
CqCs 8.177990 CqCx 9.253302 CrDd 17.410583 CtDa 21.177151 CtDl 21.908588 
CuDi 12.675944 CvDe 18.508698 CwDa 10.003970 CxDd 13.342630 DbDd 2.994048 
DcDi 12.386336 DdDf 19.808200 DeDh 1.223226 DeDl 14.572062 DfDk 12.986113 

1.000000 0.000000 0.200000
-0.773192 15.380578 3.080000
7.840764 4.418418 1.800000
-1.976277 18.494711 3.720000
-6.171597 -14.761822 3.200000
0.661793 1.001014 0.240000
7.963123 -14.107752 3.240000
-7.813350 -10.389974 2.600000
0.539437 -2.132840 0.440000
2.228630 3.793838 0.880000
-10.315372 -4.853154 2.280000
1.080271 2.583218 0.560000
-0.060824 1.398678 0.280000
-17.075472 -3.344884 3.480000
-4.729479 -6.698659 1.640000
-8.345718 4.744365 1.920000
6.061475 4.244823 1.480000
-12.916643 5.899180 2.840000
7.485546 -6.928680 2.040000
9.124384 -7.482353 2.360000
-8.680702 -4.548122 1.960000
-1.309961 -9.913829 2.000000
7.040266 9.963667 2.440000
1.282135 7.491070 1.520000
-1.963598 4.159842 0.920000
1.993221 -1.336813 0.480000
-4.397583 1.923867 0.960000
11.958294 -0.999608 2.400000
0.164728 5.997738 1.200000
0.093221 -5.199164 1.040000
-6.570011 -13.038211 2.920000
6.870044 15.331096 3.360000
4.381329 8.089744 1.840000
4.608285 -2.814908 1.080000
-1.013835 1.237796 0.320000
5.594350 0.251492 1.120000
-1.600337 2.537503 0.600000
2.436365 -12.973208 2.640000
-5.905171 -2.947704 1.320000
0.882347 -8.353530 1.680000
-1.798608 0.070781 0.360000
0.582202 12.386325 2.480000
-5.868170 9.304009 2.200000
-1.253073 -6.683548 1.360000
2.417657 -3.186681 0.800000
-2.895442 1.362504 0.640000
0.110951 -17.799654 3.560000
-4.176855 -2.748433 1.000000
10.382909 0.595995 2.080000
5.400005 -6.693276 1.720000
-3.404055 5.181931 1.240000
11.992476 -5.978338 2.680000
-6.238658 1.427986 1.280000
-16.249799 5.637734 3.440000
-14.771072 11.629937 3.760000
-9.657443 8.092824 2.520000
-3.763919 16.578085 3.400000
-3.293270 -0.845208 0.680000
-2.374704 -2.705694 0.720000
5.498954 9.062092 2.120000
4.606236 3.524569 1.160000
-13.841843 -7.618621 3.160000
14.884947 -1.854278 3.000000
-0.997166 -11.557061 2.320000
-5.106284 5.896259 1.560000
4.198692 -5.600981 1.400000
15.044664 -9.882211 3.600000
-0.570163 -3.756982 0.760000
8.290257 -2.951548 1.760000
-4.992052 13.079733 2.800000
14.615472 -7.439623 3.280000
-7.987562 0.445931 1.600000
11.545910 7.186929 2.720000
6.661255 -2.732707 1.440000
-2.030508 9.178074 1.880000
16.345900 2.893363 3.320000
2.543992 0.536754 0.520000
-1.171082 -1.621286 0.400000
4.181413 0.394701 0.840000
6.891980 -13.097352 2.960000
-13.162794 -11.683358 3.520000
-10.620253 3.556715 2.240000
-13.031128 -6.127781 2.880000
-12.636207 -2.041144 2.560000
-13.613063 7.618695 3.120000
4.986365 12.867640 2.760000
-0.051770 10.799876 2.160000
8.393794 16.373888 3.680000
17.019301 6.448520 3.640000
11.089323 10.395524 3.040000

A graph with unknown solution, probably unexisting