300
19 3117 3118 3119 3120 3121 3122 3123 3124 3125 3126 3127 3128 3129 3130 3131 3132 3133 3134 3135 
20 3097 3098 3099 3100 3101 3102 3103 3104 3105 3106 3107 3108 3109 3110 3111 3112 3113 3114 3115 3116 
18 3079 3080 3081 3082 3083 3084 3085 3086 3087 3088 3089 3090 3091 3092 3093 3094 3095 3096 
24 3055 3056 3057 3058 3059 3060 3061 3062 3063 3064 3065 3066 3067 3068 3069 3070 3071 3072 3073 3074 3075 3076 3077 3078 
23 3032 3033 3034 3035 3036 3037 3038 3039 3040 3041 3042 3043 3044 3045 3046 3047 3048 3049 3050 3051 3052 3053 3054 
19 3013 3014 3015 3016 3017 3018 3019 3020 3021 3022 3023 3024 3025 3026 3027 3028 3029 3030 3031 
18 2995 2996 2997 2998 2999 3000 3001 3002 3003 3004 3005 3006 3007 3008 3009 3010 3011 3012 
22 2973 2974 2975 2976 2977 2978 2979 2980 2981 2982 2983 2984 2985 2986 2987 2988 2989 2990 2991 2992 2993 2994 
15 2958 2959 2960 2961 2962 2963 2964 2965 2966 2967 2968 2969 2970 2971 2972 
16 2942 2943 2944 2945 2946 2947 2948 2949 2950 2951 2952 2953 2954 2955 2956 2957 
22 2920 2921 2922 2923 2924 2925 2926 2927 2928 2929 2930 2931 2932 2933 2934 2935 2936 2937 2938 2939 2940 2941 
23 2897 2898 2899 2900 2901 2902 2903 2904 2905 2906 2907 2908 2909 2910 2911 2912 2913 2914 2915 2916 2917 2918 2919 
26 2871 2872 2873 2874 2875 2876 2877 2878 2879 2880 2881 2882 2883 2884 2885 2886 2887 2888 2889 2890 2891 2892 2893 2894 2895 2896 
15 2856 2857 2858 2859 2860 2861 2862 2863 2864 2865 2866 2867 2868 2869 2870 
25 2831 2832 2833 2834 2835 2836 2837 2838 2839 2840 2841 2842 2843 2844 2845 2846 2847 2848 2849 2850 2851 2852 2853 2854 2855 
18 2813 2814 2815 2816 2817 2818 2819 2820 2821 2822 2823 2824 2825 2826 2827 2828 2829 2830 
22 2791 2792 2793 2794 2795 2796 2797 2798 2799 2800 2801 2802 2803 2804 2805 2806 2807 2808 2809 2810 2811 2812 
16 2775 2776 2777 2778 2779 2780 2781 2782 2783 2784 2785 2786 2787 2788 2789 2790 
21 2754 2755 2756 2757 2758 2759 2760 2761 2762 2763 2764 2765 2766 2767 2768 2769 2770 2771 2772 2773 2774 
16 2738 2739 2740 2741 2742 2743 2744 2745 2746 2747 2748 2749 2750 2751 2752 2753 
16 2722 2723 2724 2725 2726 2727 2728 2729 2730 2731 2732 2733 2734 2735 2736 2737 
20 2702 2703 2704 2705 2706 2707 2708 2709 2710 2711 2712 2713 2714 2715 2716 2717 2718 2719 2720 2721 
27 2675 2676 2677 2678 2679 2680 2681 2682 2683 2684 2685 2686 2687 2688 2689 2690 2691 2692 2693 2694 2695 2696 2697 2698 2699 2700 2701 
17 2658 2659 2660 2661 2662 2663 2664 2665 2666 2667 2668 2669 2670 2671 2672 2673 2674 
18 2640 2641 2642 2643 2644 2645 2646 2647 2648 2649 2650 2651 2652 2653 2654 2655 2656 2657 
13 2627 2628 2629 2630 2631 2632 2633 2634 2635 2636 2637 2638 2639 
27 2600 2601 2602 2603 2604 2605 2606 2607 2608 2609 2610 2611 2612 2613 2614 2615 2616 2617 2618 2619 2620 2621 2622 2623 2624 2625 2626 
15 2585 2586 2587 2588 2589 2590 2591 2592 2593 2594 2595 2596 2597 2598 2599 
20 2565 2566 2567 2568 2569 2570 2571 2572 2573 2574 2575 2576 2577 2578 2579 2580 2581 2582 2583 2584 
30 2535 2536 2537 2538 2539 2540 2541 2542 2543 2544 2545 2546 2547 2548 2549 2550 2551 2552 2553 2554 2555 2556 2557 2558 2559 2560 2561 2562 2563 2564 
28 2507 2508 2509 2510 2511 2512 2513 2514 2515 2516 2517 2518 2519 2520 2521 2522 2523 2524 2525 2526 2527 2528 2529 2530 2531 2532 2533 2534 
23 2484 2485 2486 2487 2488 2489 2490 2491 2492 2493 2494 2495 2496 2497 2498 2499 2500 2501 2502 2503 2504 2505 2506 
24 2460 2461 2462 2463 2464 2465 2466 2467 2468 2469 2470 2471 2472 2473 2474 2475 2476 2477 2478 2479 2480 2481 2482 2483 
20 2440 2441 2442 2443 2444 2445 2446 2447 2448 2449 2450 2451 2452 2453 2454 2455 2456 2457 2458 2459 
24 2416 2417 2418 2419 2420 2421 2422 2423 2424 2425 2426 2427 2428 2429 2430 2431 2432 2433 2434 2435 2436 2437 2438 2439 
28 2388 2389 2390 2391 2392 2393 2394 2395 2396 2397 2398 2399 2400 2401 2402 2403 2404 2405 2406 2407 2408 2409 2410 2411 2412 2413 2414 2415 
18 2370 2371 2372 2373 2374 2375 2376 2377 2378 2379 2380 2381 2382 2383 2384 2385 2386 2387 
16 2354 2355 2356 2357 2358 2359 2360 2361 2362 2363 2364 2365 2366 2367 2368 2369 
22 2332 2333 2334 2335 2336 2337 2338 2339 2340 2341 2342 2343 2344 2345 2346 2347 2348 2349 2350 2351 2352 2353 
13 2319 2320 2321 2322 2323 2324 2325 2326 2327 2328 2329 2330 2331 
25 2294 2295 2296 2297 2298 2299 2300 2301 2302 2303 2304 2305 2306 2307 2308 2309 2310 2311 2312 2313 2314 2315 2316 2317 2318 
20 2274 2275 2276 2277 2278 2279 2280 2281 2282 2283 2284 2285 2286 2287 2288 2289 2290 2291 2292 2293 
12 2262 2263 2264 2265 2266 2267 2268 2269 2270 2271 2272 2273 
12 2250 2251 2252 2253 2254 2255 2256 2257 2258 2259 2260 2261 
27 2223 2224 2225 2226 2227 2228 2229 2230 2231 2232 2233 2234 2235 2236 2237 2238 2239 2240 2241 2242 2243 2244 2245 2246 2247 2248 2249 
25 2198 2199 2200 2201 2202 2203 2204 2205 2206 2207 2208 2209 2210 2211 2212 2213 2214 2215 2216 2217 2218 2219 2220 2221 2222 
17 2181 2182 2183 2184 2185 2186 2187 2188 2189 2190 2191 2192 2193 2194 2195 2196 2197 
28 2153 2154 2155 2156 2157 2158 2159 2160 2161 2162 2163 2164 2165 2166 2167 2168 2169 2170 2171 2172 2173 2174 2175 2176 2177 2178 2179 2180 
23 2130 2131 2132 2133 2134 2135 2136 2137 2138 2139 2140 2141 2142 2143 2144 2145 2146 2147 2148 2149 2150 2151 2152 
22 2108 2109 2110 2111 2112 2113 2114 2115 2116 2117 2118 2119 2120 2121 2122 2123 2124 2125 2126 2127 2128 2129 
12 2096 2097 2098 2099 2100 2101 2102 2103 2104 2105 2106 2107 
17 2079 2080 2081 2082 2083 2084 2085 2086 2087 2088 2089 2090 2091 2092 2093 2094 2095 
27 2052 2053 2054 2055 2056 2057 2058 2059 2060 2061 2062 2063 2064 2065 2066 2067 2068 2069 2070 2071 2072 2073 2074 2075 2076 2077 2078 
17 2035 2036 2037 2038 2039 2040 2041 2042 2043 2044 2045 2046 2047 2048 2049 2050 2051 
21 2014 2015 2016 2017 2018 2019 2020 2021 2022 2023 2024 2025 2026 2027 2028 2029 2030 2031 2032 2033 2034 
20 1994 1995 1996 1997 1998 1999 2000 2001 2002 2003 2004 2005 2006 2007 2008 2009 2010 2011 2012 2013 
20 1974 1975 1976 1977 1978 1979 1980 1981 1982 1983 1984 1985 1986 1987 1988 1989 1990 1991 1992 1993 
23 1951 1952 1953 1954 1955 1956 1957 1958 1959 1960 1961 1962 1963 1964 1965 1966 1967 1968 1969 1970 1971 1972 1973 
23 1928 1929 1930 1931 1932 1933 1934 1935 1936 1937 1938 1939 1940 1941 1942 1943 1944 1945 1946 1947 1948 1949 1950 
25 1903 1904 1905 1906 1907 1908 1909 1910 1911 1912 1913 1914 1915 1916 1917 1918 1919 1920 1921 1922 1923 1924 1925 1926 1927 
21 1882 1883 1884 1885 1886 1887 1888 1889 1890 1891 1892 1893 1894 1895 1896 1897 1898 1899 1900 1901 1902 
31 1851 1852 1853 1854 1855 1856 1857 1858 1859 1860 1861 1862 1863 1864 1865 1866 1867 1868 1869 1870 1871 1872 1873 1874 1875 1876 1877 1878 1879 1880 1881 
21 1830 1831 1832 1833 1834 1835 1836 1837 1838 1839 1840 1841 1842 1843 1844 1845 1846 1847 1848 1849 1850 
23 1807 1808 1809 1810 1811 1812 1813 1814 1815 1816 1817 1818 1819 1820 1821 1822 1823 1824 1825 1826 1827 1828 1829 
29 1778 1779 1780 1781 1782 1783 1784 1785 1786 1787 1788 1789 1790 1791 1792 1793 1794 1795 1796 1797 1798 1799 1800 1801 1802 1803 1804 1805 1806 
19 1759 1760 1761 1762 1763 1764 1765 1766 1767 1768 1769 1770 1771 1772 1773 1774 1775 1776 1777 
20 1739 1740 1741 1742 1743 1744 1745 1746 1747 1748 1749 1750 1751 1752 1753 1754 1755 1756 1757 1758 
18 1721 1722 1723 1724 1725 1726 1727 1728 1729 1730 1731 1732 1733 1734 1735 1736 1737 1738 
28 1693 1694 1695 1696 1697 1698 1699 1700 1701 1702 1703 1704 1705 1706 1707 1708 1709 1710 1711 1712 1713 1714 1715 1716 1717 1718 1719 1720 
22 1671 1672 1673 1674 1675 1676 1677 1678 1679 1680 1681 1682 1683 1684 1685 1686 1687 1688 1689 1690 1691 1692 
30 1641 1642 1643 1644 1645 1646 1647 1648 1649 1650 1651 1652 1653 1654 1655 1656 1657 1658 1659 1660 1661 1662 1663 1664 1665 1666 1667 1668 1669 1670 
14 1627 1628 1629 1630 1631 1632 1633 1634 1635 1636 1637 1638 1639 1640 
22 1605 1606 1607 1608 1609 1610 1611 1612 1613 1614 1615 1616 1617 1618 1619 1620 1621 1622 1623 1624 1625 1626 
20 1585 1586 1587 1588 1589 1590 1591 1592 1593 1594 1595 1596 1597 1598 1599 1600 1601 1602 1603 1604 
22 1563 1564 1565 1566 1567 1568 1569 1570 1571 1572 1573 1574 1575 1576 1577 1578 1579 1580 1581 1582 1583 1584 
26 1537 1538 1539 1540 1541 1542 1543 1544 1545 1546 1547 1548 1549 1550 1551 1552 1553 1554 1555 1556 1557 1558 1559 1560 1561 1562 
18 1519 1520 1521 1522 1523 1524 1525 1526 1527 1528 1529 1530 1531 1532 1533 1534 1535 1536 
17 1502 1503 1504 1505 1506 1507 1508 1509 1510 1511 1512 1513 1514 1515 1516 1517 1518 
16 1486 1487 1488 1489 1490 1491 1492 1493 1494 1495 1496 1497 1498 1499 1500 1501 
21 1465 1466 1467 1468 1469 1470 1471 1472 1473 1474 1475 1476 1477 1478 1479 1480 1481 1482 1483 1484 1485 
18 1447 1448 1449 1450 1451 1452 1453 1454 1455 1456 1457 1458 1459 1460 1461 1462 1463 1464 
24 1423 1424 1425 1426 1427 1428 1429 1430 1431 1432 1433 1434 1435 1436 1437 1438 1439 1440 1441 1442 1443 1444 1445 1446 
21 1402 1403 1404 1405 1406 1407 1408 1409 1410 1411 1412 1413 1414 1415 1416 1417 1418 1419 1420 1421 1422 
15 1387 1388 1389 1390 1391 1392 1393 1394 1395 1396 1397 1398 1399 1400 1401 
20 1367 1368 1369 1370 1371 1372 1373 1374 1375 1376 1377 1378 1379 1380 1381 1382 1383 1384 1385 1386 
24 1343 1344 1345 1346 1347 1348 1349 1350 1351 1352 1353 1354 1355 1356 1357 1358 1359 1360 1361 1362 1363 1364 1365 1366 
13 1330 1331 1332 1333 1334 1335 1336 1337 1338 1339 1340 1341 1342 
19 1311 1312 1313 1314 1315 1316 1317 1318 1319 1320 1321 1322 1323 1324 1325 1326 1327 1328 1329 
20 1291 1292 1293 1294 1295 1296 1297 1298 1299 1300 1301 1302 1303 1304 1305 1306 1307 1308 1309 1310 
22 1269 1270 1271 1272 1273 1274 1275 1276 1277 1278 1279 1280 1281 1282 1283 1284 1285 1286 1287 1288 1289 1290 
23 1246 1247 1248 1249 1250 1251 1252 1253 1254 1255 1256 1257 1258 1259 1260 1261 1262 1263 1264 1265 1266 1267 1268 
21 1225 1226 1227 1228 1229 1230 1231 1232 1233 1234 1235 1236 1237 1238 1239 1240 1241 1242 1243 1244 1245 
18 1207 1208 1209 1210 1211 1212 1213 1214 1215 1216 1217 1218 1219 1220 1221 1222 1223 1224 
25 1182 1183 1184 1185 1186 1187 1188 1189 1190 1191 1192 1193 1194 1195 1196 1197 1198 1199 1200 1201 1202 1203 1204 1205 1206 
20 1162 1163 1164 1165 1166 1167 1168 1169 1170 1171 1172 1173 1174 1175 1176 1177 1178 1179 1180 1181 
21 1141 1142 1143 1144 1145 1146 1147 1148 1149 1150 1151 1152 1153 1154 1155 1156 1157 1158 1159 1160 1161 
22 1119 1120 1121 1122 1123 1124 1125 1126 1127 1128 1129 1130 1131 1132 1133 1134 1135 1136 1137 1138 1139 1140 
23 1096 1097 1098 1099 1100 1101 1102 1103 1104 1105 1106 1107 1108 1109 1110 1111 1112 1113 1114 1115 1116 1117 1118 
17 1079 1080 1081 1082 1083 1084 1085 1086 1087 1088 1089 1090 1091 1092 1093 1094 1095 
21 1058 1059 1060 1061 1062 1063 1064 1065 1066 1067 1068 1069 1070 1071 1072 1073 1074 1075 1076 1077 1078 
20 1038 1039 1040 1041 1042 1043 1044 1045 1046 1047 1048 1049 1050 1051 1052 1053 1054 1055 1056 1057 
18 1020 1021 1022 1023 1024 1025 1026 1027 1028 1029 1030 1031 1032 1033 1034 1035 1036 1037 
20 1000 1001 1002 1003 1004 1005 1006 1007 1008 1009 1010 1011 1012 1013 1014 1015 1016 1017 1018 1019 
31 969 970 971 972 973 974 975 976 977 978 979 980 981 982 983 984 985 986 987 988 989 990 991 992 993 994 995 996 997 998 999 
16 953 954 955 956 957 958 959 960 961 962 963 964 965 966 967 968 
17 936 937 938 939 940 941 942 943 944 945 946 947 948 949 950 951 952 
22 914 915 916 917 918 919 920 921 922 923 924 925 926 927 928 929 930 931 932 933 934 935 
19 895 896 897 898 899 900 901 902 903 904 905 906 907 908 909 910 911 912 913 
16 879 880 881 882 883 884 885 886 887 888 889 890 891 892 893 894 
21 858 859 860 861 862 863 864 865 866 867 868 869 870 871 872 873 874 875 876 877 878 
22 836 837 838 839 840 841 842 843 844 845 846 847 848 849 850 851 852 853 854 855 856 857 
19 817 818 819 820 821 822 823 824 825 826 827 828 829 830 831 832 833 834 835 
26 791 792 793 794 795 796 797 798 799 800 801 802 803 804 805 806 807 808 809 810 811 812 813 814 815 816 
20 771 772 773 774 775 776 777 778 779 780 781 782 783 784 785 786 787 788 789 790 
21 750 751 752 753 754 755 756 757 758 759 760 761 762 763 764 765 766 767 768 769 770 
25 725 726 727 728 729 730 731 732 733 734 735 736 737 738 739 740 741 742 743 744 745 746 747 748 749 
24 701 702 703 704 705 706 707 708 709 710 711 712 713 714 715 716 717 718 719 720 721 722 723 724 
17 684 685 686 687 688 689 690 691 692 693 694 695 696 697 698 699 700 
23 661 662 663 664 665 666 667 668 669 670 671 672 673 674 675 676 677 678 679 680 681 682 683 
27 634 635 636 637 638 639 640 641 642 643 644 645 646 647 648 649 650 651 652 653 654 655 656 657 658 659 660 
27 607 608 609 610 611 612 613 614 615 616 617 618 619 620 621 622 623 624 625 626 627 628 629 630 631 632 633 
19 588 589 590 591 592 593 594 595 596 597 598 599 600 601 602 603 604 605 606 
20 568 569 570 571 572 573 574 575 576 577 578 579 580 581 582 583 584 585 586 587 
20 548 549 550 551 552 553 554 555 556 557 558 559 560 561 562 563 564 565 566 567 
20 528 529 530 531 532 533 534 535 536 537 538 539 540 541 542 543 544 545 546 547 
16 512 513 514 515 516 517 518 519 520 521 522 523 524 525 526 527 
15 497 498 499 500 501 502 503 504 505 506 507 508 509 510 511 
13 484 485 486 487 488 489 490 491 492 493 494 495 496 
19 465 466 467 468 469 470 471 472 473 474 475 476 477 478 479 480 481 482 483 
26 439 440 441 442 443 444 445 446 447 448 449 450 451 452 453 454 455 456 457 458 459 460 461 462 463 464 
23 416 417 418 419 420 421 422 423 424 425 426 427 428 429 430 431 432 433 434 435 436 437 438 
23 393 394 395 396 397 398 399 400 401 402 403 404 405 406 407 408 409 410 411 412 413 414 415 
22 371 372 373 374 375 376 377 378 379 380 381 382 383 384 385 386 387 388 389 390 391 392 
29 342 343 344 345 346 347 348 349 350 351 352 353 354 355 356 357 358 359 360 361 362 363 364 365 366 367 368 369 370 
24 318 319 320 321 322 323 324 325 326 327 328 329 330 331 332 333 334 335 336 337 338 339 340 341 
22 296 297 298 299 300 301 302 303 304 305 306 307 308 309 310 311 312 313 314 315 316 317 
21 275 276 277 278 279 280 281 282 283 284 285 286 287 288 289 290 291 292 293 294 295 
17 258 259 260 261 262 263 264 265 266 267 268 269 270 271 272 273 274 
20 238 239 240 241 242 243 244 245 246 247 248 249 250 251 252 253 254 255 256 257 
21 217 218 219 220 221 222 223 224 225 226 227 228 229 230 231 232 233 234 235 236 237 
19 198 199 200 201 202 203 204 205 206 207 208 209 210 211 212 213 214 215 216 
16 182 183 184 185 186 187 188 189 190 191 192 193 194 195 196 197 
28 154 155 156 157 158 159 160 161 162 163 164 165 166 167 168 169 170 171 172 173 174 175 176 177 178 179 180 181 
23 131 132 133 134 135 136 137 138 139 140 141 142 143 144 145 146 147 148 149 150 151 152 153 
27 104 105 106 107 108 109 110 111 112 113 114 115 116 117 118 119 120 121 122 123 124 125 126 127 128 129 130 
15 89 90 91 92 93 94 95 96 97 98 99 100 101 102 103 
17 72 73 74 75 76 77 78 79 80 81 82 83 84 85 86 87 88 
25 47 48 49 50 51 52 53 54 55 56 57 58 59 60 61 62 63 64 65 66 67 68 69 70 71 
18 29 30 31 32 33 34 35 36 37 38 39 40 41 42 43 44 45 46 
29 0 1 2 3 4 5 6 7 8 9 10 11 12 13 14 15 16 17 18 19 20 21 22 23 24 25 26 27 28 
25 28 71 216 496 633 683 857 935 968 999 1019 1464 1518 1562 1640 1902 1993 2078 2222 2387 2564 2639 2941 3054 3078 
24 130 153 370 438 464 606 724 894 1501 1604 1626 1806 2034 2077 2249 2439 2483 2599 2626 2753 2830 2855 2972 3031 
20 257 369 392 437 567 632 749 934 1224 1446 1500 1625 1973 1992 2197 2386 2563 2674 2737 2790 
23 27 70 215 547 660 748 770 933 998 1161 1386 1624 1670 1692 1991 2196 2353 2415 2721 2812 2854 3053 3135 
18 659 700 769 835 1018 1078 1445 1669 1720 1738 1777 1881 1927 2248 2414 2438 2853 2896 
23 88 631 658 723 768 1017 1037 1140 1342 1623 1805 1880 2013 2180 2369 2459 2482 2562 2584 2625 2811 2852 3134 
23 152 295 368 391 527 1268 1329 1366 1385 1401 1463 1603 1901 1950 2129 2179 2221 2273 2293 2458 2583 2638 2851 
23 46 181 274 511 657 834 997 1499 1536 1639 1668 1776 2033 2195 2247 2318 2413 2582 2624 2720 2919 3030 3077 
20 26 180 197 237 495 747 816 1160 1422 1462 1691 1879 1990 2107 2317 2352 2506 2736 2829 2940 
22 179 341 605 815 913 932 996 1036 1290 1485 1535 1850 1878 2095 2292 2481 2505 2581 2971 2994 3012 3116 
16 151 367 767 1267 1365 1534 1584 1804 2032 2128 2178 2220 2480 2534 2580 2993 
25 69 463 566 790 967 1016 1118 1206 1341 1400 1561 1638 1667 1719 1829 1926 1972 2291 2316 2412 2533 2623 2673 2752 2789 
23 68 366 415 526 814 856 952 1077 1223 1266 1421 1900 1949 1971 2076 2106 2127 2368 2437 2598 2828 2870 3076 
22 25 87 365 510 525 855 893 1095 1289 1310 1484 1718 1877 2012 2152 2194 2219 2246 2504 2701 2788 2939 
27 150 196 214 236 256 340 833 931 1076 1205 1309 1384 1583 1775 1803 1876 1970 2031 2075 2105 2672 2774 2787 2810 3029 3075 3133 
18 414 462 587 630 854 995 1181 1204 1245 1265 1328 1948 1989 2094 2193 2657 2992 3052 
30 45 86 178 235 364 546 586 604 746 853 1057 1075 1222 1399 1444 1461 1717 1899 2051 2093 2104 2290 2656 2773 2895 2918 2938 3011 3028 3074 
20 85 177 483 585 682 852 1074 1244 1383 1849 1969 2192 2218 2351 2411 2436 2479 2917 2991 3073 
23 129 149 390 494 545 813 832 851 1264 1288 1327 1483 1533 1560 1666 1690 1758 1968 2367 2850 2916 2970 3132 
18 24 44 294 524 878 951 1221 1559 1602 1716 1828 2030 2050 2074 2092 2177 2827 2957 
20 176 389 461 950 1073 1364 1827 1875 2073 2176 2272 2315 2410 2751 2786 2937 2969 2990 3010 3072 
18 23 339 766 949 966 1139 1203 1420 1848 1874 1947 2245 2289 2561 2637 2700 2735 2936 
16 195 338 436 565 994 1159 1180 1532 1873 2091 2288 2385 2869 2894 3009 3071 
18 103 460 892 993 1179 1382 1582 1601 1622 1737 1757 1967 2244 2636 2699 2772 2785 3131 
25 22 175 234 363 413 509 564 699 877 912 1056 1482 1581 1637 1826 1898 1925 2217 2409 2560 2719 2849 2915 2956 3051 
19 233 523 656 965 1202 1398 1636 1689 1736 1872 1988 2126 2175 2287 2532 2771 2784 2893 3008 
20 84 128 174 293 459 563 1035 1072 1220 1326 1531 1825 1897 2072 2271 2314 2579 2671 2848 2892 
19 67 83 102 493 544 584 876 930 1138 1201 1219 1946 2243 2503 2809 2847 2891 3050 3096 
19 82 232 458 508 1015 1034 1158 1218 1308 1419 1443 1665 1735 1896 2090 2151 2350 2408 3049 
24 317 337 435 482 603 992 1055 1071 1307 1481 1517 1558 1715 1987 2407 2457 2655 2670 2698 2734 2770 2914 3048 3070 
19 43 127 255 412 850 1033 1054 1178 1306 2089 2174 2242 2435 2597 2769 2826 2890 3027 3095 
19 42 213 316 745 812 849 1094 1137 1442 1557 1664 1895 1986 2286 2384 2434 2531 3115 3130 
20 254 362 388 655 722 765 891 929 1117 1177 1200 1556 1600 1621 1847 1924 2596 2889 2935 3026 
21 21 126 387 654 721 811 848 1014 1199 1325 1418 1460 1663 1714 2103 2173 2270 2433 2478 3007 3094 
16 148 212 457 629 698 744 1053 1176 1243 1381 1441 1662 1774 2530 2768 2955 
15 194 507 562 628 911 964 1093 1305 1440 1620 1688 2313 2349 2767 2989 
16 193 336 456 697 1136 1324 1480 1599 1661 1687 1734 2697 2808 2868 2888 3006 
15 66 125 335 522 602 1945 1966 2285 2312 2559 2766 2825 2934 3047 3114 
22 211 334 386 506 561 653 743 810 831 1052 1070 1135 1363 1380 1686 2049 2366 2477 2595 2654 2867 2988 
21 173 333 455 652 681 809 928 1157 1498 1580 1756 1773 1802 1871 2011 2172 2191 2216 2261 2311 2594 
27 20 81 101 231 361 385 434 543 696 764 927 991 1069 1116 1134 1156 1217 1340 1459 1530 1755 1801 2241 2284 2733 3005 3129 
24 273 360 505 651 695 763 847 875 1051 1287 1323 1417 1635 1660 1772 1894 2331 2348 2406 2502 2635 2846 3025 3093 
23 124 172 411 742 1050 1068 1133 1242 1339 1397 1634 1713 1870 2029 2190 2240 2622 2653 2696 2783 2807 2968 3024 
18 171 433 680 741 808 1032 1067 1579 1754 1824 1985 2048 2529 2558 2669 2732 2913 2967 
20 170 481 601 627 874 926 1155 1322 1659 1869 1984 2215 2269 2310 2347 2476 2634 2695 2954 3092 
17 41 123 230 626 789 948 1066 1115 1154 1175 1263 1479 1846 2309 2528 2621 2806 
22 40 272 315 504 762 788 990 1013 1065 1198 1286 1362 1379 1529 1685 1712 1893 1923 2171 2239 2912 3091 
33 19 169 192 210 253 292 314 600 650 679 761 830 989 1241 1262 1285 1439 1478 1555 1619 1658 1800 2383 2456 2557 2593 2620 2652 2782 2866 2887 2933 3069 
22 168 384 599 625 890 988 1012 1092 1114 1153 1261 1304 1378 1684 1711 1771 1845 1892 2405 2668 2845 3090 
13 18 147 291 521 910 1091 1284 1477 1683 1710 1770 2189 2556 
18 480 829 873 925 1049 1303 1633 1709 1769 1799 1844 1944 2028 2619 2633 2651 2667 2765 
25 17 209 252 383 410 454 520 678 694 1011 1048 1338 1708 1733 2010 2125 2170 2214 2404 2501 2527 2618 2632 2886 2966 
17 359 503 720 828 872 1010 1260 1476 1618 2047 2169 2188 2432 2475 2805 2844 3068 
24 80 146 229 432 542 560 624 787 947 963 1259 1321 1337 1438 1516 1578 1843 2346 2365 2403 2718 2987 3023 3067 
24 145 228 251 332 541 760 807 1009 1031 1152 1283 1682 1753 1798 1868 2009 2268 2431 2592 2631 2694 2986 3022 3089 
18 144 227 358 583 719 806 1458 1617 1707 1797 1823 2238 2402 2500 2555 2804 2953 3004 
23 100 357 431 786 805 946 1030 1258 1361 1377 1396 1554 1657 1681 1752 1891 2027 2330 2401 2693 2717 2911 3046 
28 16 39 99 290 313 331 356 382 479 718 785 889 1216 1257 1282 1416 1437 1497 1515 1768 2026 2283 2308 2345 2692 2731 2910 2932 
23 65 312 453 740 804 846 871 924 962 987 1197 1360 1514 1656 1680 2025 2150 2213 2400 2591 2909 2952 2985 
21 143 330 355 540 677 717 784 1047 1151 1215 1528 1553 1867 1943 2088 2212 2716 2965 2984 3066 3088 
26 15 167 289 311 329 354 452 478 623 649 693 783 803 909 945 1090 1281 2024 2124 2715 2730 2781 2908 2983 3065 3128 
14 166 598 739 1214 1240 1577 1767 1965 2071 2282 2307 2364 2666 2982 
19 122 208 288 539 961 1089 1213 1552 1890 2149 2168 2499 2650 2803 2843 2951 3003 3021 3113 
22 14 142 271 381 492 648 716 1046 1113 1196 1256 1376 1415 1475 1598 2237 2578 2617 2691 2729 3112 3127 
23 13 165 353 502 647 715 827 845 923 960 986 1280 1551 1576 1616 1842 2070 2148 2267 2382 2455 2665 2964 
23 38 191 226 409 451 559 597 622 802 870 1132 1174 1395 1632 1732 1889 1942 2147 2616 2714 2780 3111 3126 
24 98 164 477 582 676 738 959 1112 1375 1436 1597 1888 2046 2087 2123 2260 2329 2344 2454 2615 2728 2802 2824 2907 
28 64 163 225 328 352 408 581 869 985 1150 1195 1359 1457 1550 1596 1796 1841 1866 1922 2008 2045 2069 2328 2526 2630 2690 2950 3125 
15 141 450 476 596 675 888 1131 1173 1320 1374 1435 1513 2474 2614 3045 
19 908 1088 1194 1212 1394 1414 1456 1615 1751 1840 1921 1941 2068 2363 2498 2689 2764 2842 2885 
17 97 351 692 1087 1455 1964 2007 2067 2146 2327 2381 2453 2525 2613 2688 2823 3044 
28 12 140 449 538 580 801 922 958 984 1358 1434 1454 1474 1549 1575 1750 2006 2023 2211 2236 2306 2362 2430 2524 2687 2884 2931 3110 
27 207 250 310 327 430 579 621 646 826 1029 1357 1453 1496 1595 1655 1963 2044 2086 2380 2473 2523 2554 2590 2612 2649 2883 3087 
17 96 270 595 691 983 1193 1574 1614 1865 2005 2210 2281 2305 2472 2577 2727 2763 
16 407 501 1111 1433 1495 1631 1940 2235 2266 2497 2576 2801 2822 2841 2882 2930 
25 37 121 249 737 825 844 1356 1413 1573 1822 1864 2022 2122 2145 2209 2265 2304 2343 2452 2553 2648 2713 2750 2949 3043 
14 95 190 287 309 350 736 1149 1172 1749 1983 2399 2589 2865 2929 
23 206 224 286 558 578 907 982 1255 1319 1373 1393 1412 1572 2021 2043 2451 2575 2611 2881 2928 2963 3064 3124 
16 63 406 429 537 577 800 1045 1130 1279 1318 1336 1795 1863 2379 2522 2712 
14 120 285 782 1317 1494 1512 1654 1679 1794 1862 1939 2121 2496 2521 
13 326 491 1028 1302 1821 1920 1962 2167 2234 2471 2495 2552 2686 
15 428 714 1044 1148 1239 1301 1548 1630 1982 2004 2066 2551 2711 2880 2927 
28 11 36 223 248 284 308 490 674 713 781 843 944 1110 1335 1511 1547 1731 1793 1919 2065 2166 2361 2588 2610 2685 2749 2879 3123 
20 139 162 189 283 307 405 448 557 1027 1355 1594 1887 2102 2259 2429 2450 2494 2906 2962 2981 
15 10 247 887 1238 1300 1392 1510 1820 1839 1886 2520 2550 2609 2878 2980 
18 79 269 620 673 759 780 1043 1278 1452 1593 1861 1885 1918 2208 2398 2493 2587 3002 
23 138 404 576 735 886 957 1086 1237 1254 1316 1451 1653 1678 1938 1981 2280 2326 2378 2492 2684 2748 2762 2926 
13 62 119 137 475 758 779 921 1473 1546 1629 1677 2342 2726 
20 9 306 447 489 500 672 778 981 1129 1277 1730 1937 1961 2064 2165 2377 2397 2491 2519 2725 
28 35 78 305 380 427 499 519 619 645 943 1171 1192 1527 1652 1676 1729 1819 1838 1860 2120 2207 2360 2396 2518 2710 2779 2800 3042 
20 379 446 498 518 556 734 980 1109 1128 1147 1191 1651 1748 1818 1917 2085 2233 2449 2490 3041 
21 118 188 222 426 445 497 555 618 644 777 1211 1315 1628 1766 1792 1916 2164 2395 2428 2470 3109 
23 61 221 268 304 536 643 733 1127 1276 1334 1493 1545 1613 1791 2020 2042 2101 2187 2608 2664 2747 2799 2877 
21 34 205 246 349 535 906 920 942 1042 1108 1126 1526 1675 1728 2041 2119 2341 2517 2586 2840 2864 
30 403 712 868 905 979 1107 1125 1253 1299 1372 1492 1674 1790 1817 1837 1859 1936 1960 2003 2040 2186 2340 2469 2516 2607 2629 2683 2746 3020 3108 
21 325 378 425 554 575 690 757 824 842 941 1085 1124 1391 1432 1450 1858 2163 2258 2709 2761 2821 
30 117 187 220 402 444 799 841 904 1026 1170 1190 1491 1789 1836 1915 1935 1959 2084 2162 2257 2339 2394 2427 2448 2663 2863 2925 3040 3063 3107 
20 8 282 324 443 534 574 867 978 1146 1490 1544 1592 1788 2002 2083 2144 2206 2839 2876 2905 
19 245 348 442 533 594 732 866 977 1064 1145 1252 1390 1509 1835 2256 2338 2393 3039 3106 
21 94 323 424 617 823 1144 1236 1298 1489 1543 1650 1727 1787 1914 2063 2647 2708 2798 2904 2979 3038 
18 60 116 204 347 711 1025 1275 1816 1857 2019 2143 2426 2646 2682 2903 2948 3105 3122 
18 161 267 377 474 616 756 1169 1354 1591 1765 2001 2082 2100 2303 2489 2515 2707 3037 
23 93 160 423 488 532 642 822 865 903 1168 1508 1747 1834 1913 2018 2062 2099 2142 2468 2549 2902 3062 3104 
25 7 92 244 266 641 821 1084 1542 1706 1764 1856 1934 2118 2302 2467 2548 2606 2662 2745 2797 2901 2978 3019 3086 3103 
25 6 59 473 553 573 671 731 940 1063 1083 1106 1590 1705 1746 2117 2279 2301 2376 2466 2547 2645 2820 2924 2947 3061 
21 115 281 303 401 919 1008 1024 1251 1411 1431 1612 1912 1958 2000 2039 2337 2375 2425 2724 2760 3001 
27 159 219 265 376 517 593 670 710 755 798 1062 1235 1297 1353 1472 1507 1541 1649 1673 1704 2061 2205 2359 2424 2574 2681 2796 
23 58 114 280 441 939 1041 1234 1333 1525 1703 1726 2017 2060 2116 2204 2255 2423 2514 2759 2862 2977 3085 3102 
23 77 91 203 243 322 592 640 730 776 1167 1274 1430 1449 2115 2141 2232 2392 2422 2605 2744 2795 2900 3084 
19 346 472 709 1040 1273 1672 1702 1763 1815 1855 1884 1911 1957 2059 2140 2300 2488 2546 3101 
25 242 471 487 552 669 918 1105 1166 1389 1448 1471 1506 1571 1762 1956 1999 2058 2465 2644 2743 2819 2838 2946 3060 3083 
20 90 136 400 422 551 775 864 1123 1189 1371 1648 1725 1814 1854 1910 1933 2421 2680 3000 3018 
20 5 135 264 917 976 1352 1570 1647 1724 1786 1833 2016 2203 2299 2325 2336 2391 2420 2628 3036 
22 57 76 421 486 516 902 975 1104 1122 1233 1447 1611 1701 1909 2057 2139 2278 2573 2742 2999 3100 3121 
25 113 375 420 615 885 901 1121 1232 1272 1700 1813 1980 2185 2264 2358 2390 2487 2545 2572 2758 2794 2875 2976 2998 3017 
31 279 399 419 485 614 668 708 797 938 974 1061 1143 1188 1351 1540 1646 1699 1723 1955 1979 2231 2447 2464 2571 2604 2661 2706 2818 2874 2961 3016 
19 4 515 591 820 884 973 1039 1103 1314 1470 1589 1645 1785 2015 2038 2184 2335 2357 3099 
9 158 302 1370 1610 1698 1784 1908 2723 3015 
20 89 112 263 754 1165 1187 1429 1488 1745 2056 2098 2138 2161 2254 2486 2544 2570 2899 2960 3082 
20 3 33 56 262 531 572 613 883 1250 1296 1350 1487 1697 2137 2160 2324 2603 2643 2793 3035 
25 111 157 186 278 301 418 470 689 753 840 863 882 972 1102 1142 1249 1410 1588 1609 1783 2081 2323 2679 2705 2837 
15 134 639 862 1141 1186 1248 1524 1812 1998 2055 2114 2741 2836 2861 3081 
19 55 321 667 937 1101 1469 1978 2080 2136 2183 2298 2334 2374 2419 2543 2660 2873 2923 3014 
19 156 218 345 398 666 881 971 1007 1023 1644 1696 1722 2322 2356 2418 2542 2602 2678 2959 
24 54 110 185 300 320 590 638 665 819 1082 1428 1505 1523 1744 1811 1907 1997 2014 2277 2297 2513 2541 2659 2835 
14 53 344 612 839 861 1006 1409 1539 1695 1761 1996 2569 2834 3080 
28 75 109 184 202 374 514 611 637 707 838 1022 1231 1369 1522 1853 1883 1906 2054 2159 2333 2446 2512 2642 2792 2860 2872 2997 3059 
18 201 440 729 796 900 1100 1230 1271 1521 1643 1743 2037 2113 2463 2540 2859 2922 3034 
17 32 155 397 571 664 774 795 1229 1295 1905 1932 2053 2182 2276 2778 2833 3098 
23 217 589 636 818 956 1081 1270 1294 1349 1468 1520 1569 1608 1627 1782 1852 2036 2112 2135 2158 2230 2539 2722 
26 31 108 277 299 469 530 688 706 817 955 1313 1348 1671 1742 1931 1977 2229 2253 2296 2445 2462 2511 2568 2601 2757 3033 
16 319 468 728 880 899 1347 1427 1587 1760 1976 2228 2461 2641 2677 2777 2996 
23 74 241 484 513 529 588 752 837 954 1038 1099 1164 1293 1930 2134 2181 2295 2417 2538 2756 2832 2945 3120 
23 52 133 200 570 610 794 860 898 936 1080 1098 1210 1426 1975 2111 2202 2263 2373 2510 2537 2817 2944 3119 
19 417 727 859 897 1005 1097 1209 1312 1408 1467 1568 1759 1810 1832 2262 2372 2444 2485 2858 
16 183 199 663 896 953 1004 1292 1388 1504 1809 1954 2079 2110 2332 2355 2509 
20 240 261 396 467 569 705 970 1269 1332 1346 1387 1808 2371 2416 2508 2658 2776 2921 2958 2975 
20 51 73 528 550 568 1003 1021 1331 1407 1425 1503 1567 1642 2133 2157 2201 2567 2740 2791 2816 
18 343 726 916 1002 1060 1120 1345 1486 1538 1566 1607 1641 1721 1929 2132 2443 2815 2857 
24 50 107 154 395 725 1059 1119 1344 1368 1406 1565 1694 1741 1904 1995 2156 2200 2227 2442 2460 2676 2739 2814 3058 
17 106 239 373 416 466 687 915 1001 1185 1228 1903 2199 2226 2441 2600 2898 3013 
18 132 198 394 512 609 686 793 879 895 1781 1807 1882 2225 2252 2321 2675 2738 2897 
27 30 72 260 298 342 549 635 685 704 773 792 836 1020 1163 1227 1343 1405 1564 1953 2035 2155 2224 2389 2484 2856 2995 3118 
25 2 49 634 662 751 791 1000 1184 1208 1247 1424 1537 1606 1831 2131 2223 2251 2320 2566 2704 2974 3032 3057 3097 3117 
18 48 131 259 372 393 439 608 914 1466 1563 1693 1780 1851 2097 2109 2294 2943 3079 
22 238 258 276 548 661 703 772 969 1404 1586 1779 1952 2052 2154 2198 2275 2585 2627 2755 2813 2831 2942 
21 1 29 47 105 297 465 607 684 750 1183 1226 1246 1465 1778 2250 2274 2507 2703 2754 2871 2920 
22 371 702 771 1058 1079 1207 1225 1311 1330 1423 1605 1740 1974 2096 2108 2130 2354 2440 2536 2702 2775 2973 
14 0 104 182 296 701 1096 1367 1403 1519 1830 1994 2319 2640 3056 
18 275 318 858 1162 1182 1291 1402 1502 1585 1739 1928 1951 2153 2370 2388 2535 2565 3055 

150 nodes
3136 arcs
AaAb AaAd AaAg AaBe AaBh AaBl AaBt AaBu AaCa AaCj AaCn AaCp AaDa AaDh AaDi
AaDl AaDo AaDu AaDw AaDy AaEf AaEm AaEv AaEy AaFa AaFg AaFl AaFq AaFt AbAd
AbAh AbAt AbAv AbBe AbCe AbCi AbCp AbCw AbDg AbDo AbDz AbEa AbEo AbEp AbFa
AbFd AbFm AcAd AcAf AcAg AcAk AcAm AcAq AcAy AcAz AcBb AcBe AcBk AcBq AcBt
AcBx AcCf AcCk AcCt AcDe AcDn AcEi AcEs AcFh AcFi AcFq AcFt AdAh AdAm AdAr
AdAx AdBk AdBp AdCi AdCm AdDs AdEf AdEr AdEs AdEt AdFc AdFd AdFg AdFo AeBf
AeBm AeBp AeBu AeBv AeBy AeCv AeCy AeDb AeDf AeDo AeDp AeEf AeEs AeEw AfAb
AfAd AfAj AfAk AfAt AfAx AfAz AfBd AfBf AfBj AfBq AfBs AfBx AfCb AfCg AfCk
AfCs AfCw AfDj AfEa AfEd AfEi AfEm AfEp AfEt AfFb AfFs AgAf AgAi AgAq AgBc
AgBl AgBm AgCk AgCl AgCo AgDa AgDd AgDi AgDm AgDq AgDr AgDs AgDw AgEl AgFb
AgFf AgFj AgFn AgFs AhAk AhAv AhBa AhBd AhBg AhBr AhBv AhBw AhCo AhDe AhDf
AhDh AhDk AhDl AhDx AhDy AhEb AhEc AhEd AhEg AhEt AhEv AhEz AhFc AhFd AhFk
AhFl AhFm AiAb AiAo AiAx AiAz AiBd AiCb AiCg AiCo AiCv AiDg AiDy AiEj AiEk
AiEx AiFf AiFl AjAi AjAo AjAq AjAw AjAx AjBp AjBx AjCe AjCu AjCz AjDj AjDu
AjDy AjEh AjEl AjEo AjFf AjFq AjFt AkAu AkBa AkBr AkCb AkCf AkCg AkCp AkCu
AkDe AkDg AkDq AkDr AkDs AkEa AkEf AkEr AkEu AkEv AkFd AkFf AkFl AlAe AlAj
AlAn AlAr AlBn AlBp AlBu AlBz AlCe AlCn AlCp AlCw AlCz AlDr AlDu AlDy AlEn
AlEp AlFf AlFr AmAe AmAf AmAh AmAn AmBe AmBf AmBl AmBr AmBu AmBw AmCf AmCm
AmCy AmDi AmDz AmEe AmFm AnAa AnAe AnAt AnBd AnBi AnBq AnBs AnCa AnCo AnCp
AnCs AnCu AnCv AnDj AnDl AnDo AnDw AnDy AnEt AnFa AnFn AoAb AoAd AoAh AoAt
AoAz AoBd AoBg AoBs AoCf AoCi AoCj AoCo AoCp AoCv AoCz AoDl AoDn AoDo AoDy
AoDz AoEo AoEq ApAa ApAs ApAz ApBb ApBp ApBy ApCa ApCc ApCr ApCz ApDe ApDl
ApDm ApDo ApDr ApEg ApEh ApEi ApEj ApEq ApEx ApEy ApFf ApFk AqAh AqAl AqAy
AqBa AqBo AqBx AqBz AqCe AqCv AqDb AqDe AqDh AqDl AqDm AqDo AqDp AqDq AqDt
AqEe AqEf AqEn AqEv AqFd AqFg AqFh AqFj AqFn AqFr AqFs ArAc ArAf ArAj ArAx
ArBj ArBr ArBw ArCc ArCh ArCi ArDi ArDo ArDu ArDx ArEf ArEh ArEm ArEn ArEz
ArFb ArFn ArFr AsAf AsAi AsAk AsAn AsAv AsBa AsBi AsBm AsBs AsCb AsCd AsCl
AsCo AsCt AsCx AsDe AsDg AsDu AsEd AsEp AsEv AsFe AsFh AtAj AtAp AtBd AtBi
AtBj AtBk AtBm AtBv AtBy AtCc AtCg AtCi AtCq AtCt AtCz AtDp AtDs AtEc AtEf
AtEq AtEx AtFr AtFs AuAf AuAw AuBq AuBz AuCa AuCb AuCg AuCh AuCj AuCo AuDa
AuDd AuDg AuDl AuDn AuDu AuEg AuEj AuEl AuEr AuEt AuEw AuEz AuFe AuFi AuFs
AvAd AvAj AvAn AvAs AvAt AvBd AvBn AvBo AvBt AvBw AvCk AvDd AvDf AvDl AvDo
AvDv AvEb AvEq AvFc AwAr AwBi AwBk AwBn AwBv AwCj AwCp AwCr AwDi AwEs AwFb
AwFl AwFt AxCg AxCh AxCi AxCj AxCx AxDh AxDt AxDz AxEe AxEh AxEk AxEr AxEv
AxFg AxFm AyAi AyAr AyAx AyBh AyBk AyBr AyCh AyCi AyDu AyDw AyEi AyEu AyFa
AyFg AyFh AyFn AzAm AzAr AzAt AzBe AzBv AzBz AzCa AzCe AzCf AzCt AzDa AzDj
AzDm AzDr AzDs AzEf AzEs AzFb AzFd AzFq BaAe BaAh BaAm BaBm BaBn BaBt BaCc
BaCg BaCh BaCo BaCu BaDg BaDs BaEh BaEk BaEt BaEv BaEx BaFi BaFr BbAm BbAn
BbAq BbAv BbBe BbBt BbCa BbCc BbCl BbCt BbCu BbCz BbDa BbDe BbDf BbDq BbEs
BbFc BbFd BbFe BcAr BcAu BcAz BcBh BcBp BcBr BcBz BcCy BcDd BcDg BcDk BcDx
BcDy BcEb BcEi BcEq BcFd BcFk BcFs BdAd BdAf BdAi BdAq BdAx BdAy BdBe BdBi
BdBj BdBw BdBy BdCg BdCi BdCm BdCz BdDg BdDl BdDs BdDx BdEa BdEb BdEk BdEl
BdFe BdFo BdFr BdFt BeAg BeAh BeAu BeAx BeAz BeBc BeBp BeBu BeBv BeCf BeCg
BeCi BeCz BeDh BeDi BeDl BeDy BeEe BeEg BeEh BeEm BeEn BeEu BeFm BeFo BeFp
BeFq BfAe BfAg BfAo BfAv BfAz BfBa BfBb BfBi BfBn BfBr BfBt BfCj BfCm BfCp
BfDd BfDf BfDm BfDu BfDy BfEc BfEg BfFc BfFt BgAd BgAh BgAi BgAj BgAt BgBd
BgCc BgCy BgDb BgDl BgDu BgEe BgEf BgEj BgEl BgEv BgFp BhAb BhAc BhAe BhAh
BhAn BhAt BhAx BhBi BhBo BhBr BhBx BhCd BhCp BhCq BhDh BhDi BhDm BhDo BhDq
BhDt BhEm BhEn BhFo BhFs BiAk BiAl BiAp BiAs BiAw BiBp BiBt BiBz BiCf BiCh
BiCl BiCv BiCw BiDf BiDk BiDn BiEc BiEd BiEh BiEl BiEo BiFd BiFl BiFq BiFr
BjAd BjAg BjAr BjBd BjBf BjBr BjBw BjCc BjCk BjCm BjDr BjDy BjDz BjEe BjEf
BjEn BjEy BjFj BjFo BjFp BjFq BkAc BkAe BkAh BkAv BkBm BkBp BkCg BkCj BkCk
BkCm BkCp BkCs BkDl BkDm BkDo BkDp BkDs BkDz BkEa BkFi BlAg BlAh BlAi BlAq
BlAv BlAw BlBi BlBr BlCb BlCt BlDa BlDg BlDl BlDn BlDp BlDq BlDr BlEc BlEg
BlEh BlEm BlEo BlFb BlFh BlFk BlFl BmAt BmAu BmAz BmBh BmBu BmBv BmBy BmCc
BmCw BmCz BmDh BmDt BmDv BmDy BmEh BmFb BmFf BmFm BmFp BnAh BnAr BnAx BnAy
BnBd BnCb BnCc BnCp BnCw BnDh BnDn BnEe BnEm BnEo BnEp BnFb BnFc BnFd BnFe
BnFg BnFh BnFt BoAa BoAp BoAq BoAy BoBc BoBd BoBm BoBv BoBz BoCa BoCd BoDe
BoDg BoDn BoDt BoDv BoEb BoEe BoEs BoEv BoFa BpAi BpAs BpBa BpBd BpBe BpBh
BpBj BpCl BpCn BpDd BpDo BpDx BpEn BpEw BpFg BpFs BqAi BqAo BqAp BqAq BqAs
BqAw BqBj BqBk BqBv BqCb BqCd BqCe BqCu BqDc BqDl BqDw BqEk BqEv BqFk BrAf
BrAj BrAl BrBl BrBn BrBs BrCe BrCk BrDa BrDh BrDn BrDv BrEb BrEf BrEg BrEn
BrEs BrFf BrFk BrFq BrFr BrFt BsAq BsBb BsBi BsBq BsBt BsCc BsCe BsCi BsCp
BsDl BsDp BsDs BsEa BsEy BsEz BsFa BsFh BtAo BtAr BtAt BtAu BtCl BtDa BtDf
BtDh BtDj BtDn BtDs BtEk BtEu BtEy BtFi BtFt BuAe BuAn BuBa BuBd BuBh BuBi
BuBk BuBl BuBz BuCa BuCd BuCh BuCj BuCu BuCy BuDa BuDe BuDh BuDn BuDx BuDy
BuDz BuEf BuEq BuEw BuEx BuFe BuFk BuFm BuFq BuFt BvAg BvAj BvAl BvAm BvAo
BvAp BvAy BvBa BvBs BvDr BvDt BvDu BvDx BvDz BvEm BvEr BvFi BvFo BvFp BvFt
BwAh BwAm BwAx BwBa BwBs BwBx BwCb BwCo BwCr BwCz BwDp BwDr BwEc BwEp BwEr
BwEt BwFk BwFo BxAr BxBh BxBo BxBq BxCe BxCm BxCq BxCt BxDi BxDm BxDu BxDv
BxEd BxEe BxEh BxEl BxEp BxEq BxEv BxFd ByAc ByAk ByAl ByBi ByBr ByBt ByBz
ByDz ByEa ByEc ByEd ByEf ByEh ByEq ByEt ByEz ByFc ByFd ByFf ByFh ByFp BzAc
BzAq BzAu BzAz BzBt BzBu BzCc BzCl BzDb BzDc BzDj BzDl BzDw BzDx BzEk BzEo
BzFg CaAb CaAp CaAq CaAr CaAw CaBb CaBd CaBh CaBk CaBn CaBt CaCd CaCe CaCh
CaCp CaCx CaDf CaDi CaDx CaEa CaEf CaEn CaFi CbAk CbAl CbBj CbBk CbBm CbCc
CbCd CbCe CbCf CbCh CbCj CbCt CbDd CbDg CbEd CbEf CbEh CbEj CbEo CbEs CbEy
CbFo CcBc CcBd CcBi CcBy CcBz CcCa CcCh CcCq CcCv CcDe CcDm CcDr CcDx CcEa
CcEb CcEf CcEg CcEr CcEx CcFl CcFq CdAa CdAh CdAr CdBf CdBn CdBp CdBv CdBw
CdCb CdCi CdCv CdDd CdDg CdEa CdEl CdEn CdEp CdEw CdEx CdFe CeAa CeAd CeAg
CeAj CeBc CeBf CeBi CeBm CeCb CeCh CeCi CeCy CeDc CeDe CeDi CeDn CeDz CeEm
CeEn CeEs CeEu CeEy CeFe CeFf CeFi CfAc CfAg CfAp CfAq CfCg CfDc CfDj CfDk
CfDm CfDo CfEf CfEr CfEs CfEt CfFa CfFd CfFh CfFr CgAc CgAd CgAh CgAj CgAv
CgAw CgAx CgBj CgBk CgBq CgBr CgBy CgCl CgCn CgCq CgDk CgDy CgEd CgEl CgFc
CgFe ChAd ChAg ChBc ChBd ChBe ChBs ChBz ChCd ChCl ChCu ChDi ChDo ChDp ChDs
ChDt ChDx ChDy ChEa ChFb ChFe ChFh ChFj ChFn CiAn CiAu CiAw CiBj CiBo CiBp
CiBx CiCf CiCj CiCm CiCt CiDh CiDl CiDo CiDr CiDw CiDy CiDz CiEe CiFb CiFg
CiFk CjAa CjAo CjAr CjAu CjAv CjBe CjBr CjBy CjCd CjCn CjCq CjCr CjDv CjDx
CjEk CjEp CjEq CjEr CjFf CjFg CkAc CkAp CkAt CkBh CkCg CkCl CkCs CkCt CkCu
CkDd CkDs CkEb CkEe CkEj CkEm CkEt CkFb CkFe CkFn ClAc ClAm ClAn ClBq ClCf
ClCp ClCt ClDs ClDu ClEd ClEf ClFi ClFo CmAh CmAk CmAl CmAn CmAs CmAt CmAu
CmBe CmBi CmBl CmBr CmBw CmCo CmCw CmCz CmDa CmDe CmDn CmDp CmDz CmEh CmEz
CmFj CmFn CnAb CnAk CnAx CnBg CnBm CnCd CnCu CnDd CnDf CnDi CnDp CnDx CnDz
CnEh CnEl CnEw CnFc CnFf CnFn CnFq CoAn CoAo CoBn CoBz CoCc CoCn CoCu CoDc
CoDg CoDp CoEd CoEu CoFd CoFi CoFn CpAa CpAb CpAe CpAh CpAk CpAm CpAp CpAy
CpBd CpBs CpCu CpCw CpDc CpDi CpDo CpEe CpEm CpEr CpEy CpFh CpFl CqAc CqAg
CqAm CqAq CqAs CqAz CqBf CqBp CqBs CqCc CqCx CqDa CqDd CqDf CqDo CqDs CqDy
CqEk CqEl CqEo CqEr CqFd CqFp CqFr CrBk CrBn CrBp CrCc CrCl CrCm CrCz CrDa
CrDb CrDc CrDe CrDq CrEf CrEm CrFd CrFl CrFn CrFt CsAd CsAf CsAp CsAu CsBb
CsBh CsBn CsBr CsCk CsDa CsDi CsDt CsDw CsDy CsEa CsEj CsEq CsEv CsFb CsFg
CsFk CtAl CtBe CtBf CtBy CtCa CtCb CtCd CtCf CtCs CtCx CtCz CtDo CtEg CtFm
CtFr CtFs CuAa CuAm CuAo CuAz CuBn CuBr CuBv CuBz CuCn CuCp CuCs CuDd CuDn
CuDo CuDs CuEq CuFt CvAb CvAu CvAw CvAx CvAz CvBc CvBq CvCe CvCi CvDm CvDz
CvEf CvEt CvEx CvFb CvFj CvFk CvFm CwAg CwAl CwAy CwBi CwBr CwBu CwBy CwCa
CwCf CwCk CwCp CwCq CwDa CwDe CwDh CwDj CwDm CwDp CwDy CwEn CwEo CwEq CwFa
CwFb CwFi CwFt CxAf CxAh CxAk CxAl CxAm CxAp CxAu CxBl CxBn CxCu CxCw CxCy
CxDa CxDh CxDk CxDs CxEc CxEg CxEv CxEw CxFf CxFj CyAa CyAe CyAs CyBd CyBh
CyBt CyBw CyCa CyCm CyCo CyCz CyDe CyDf CyDi CyEj CyEn CyEw CyFa CyFn CyFs
CzAc CzAg CzAl CzAu CzBd CzBg CzBk CzBs CzCf CzCy CzDc CzDh CzDq CzDt CzDy
CzEk CzEn CzEw CzFo CzFq CzFr CzFs DaAu DaCg DaCk DaCq DaCx DaDg DaDv DaEd
DaEe DaEu DaEv DaFi DaFm DaFt DbAl DbAm DbAw DbBa DbBh DbBi DbBl DbBm DbBr
DbBy DbCh DbCi DbCl DbCs DbCz DbDn DbDp DbDy DbEb DbEe DbEj DbEl DbEm DbEo
DbEr DbFb DbFi DbFm DbFp DbFq DcAt DcBo DcBr DcCd DcCe DcCi DcCk DcCl DcCs
DcDn DcDp DcDr DcDw DcDx DcDz DcEh DcEj DcEk DcEu DcFb DcFl DcFq DdAf DdAk
DdAy DdBa DdBe DdBg DdBi DdBj DdBk DdBo DdBq DdBr DdBt DdBu DdDq DdDu DdDv
DdDw DdDx DdDz DdEd DdEm DdEq DdFa DdFd DdFg DdFi DdFp DeAl DeBa DeBi DeBl
DeBm DeBq DeBy DeCe DeCi DeCj DeCp DeDg DeDu DeEj DeEr DeEu DeEw DeFp DfAa
DfAc DfAk DfAt DfAw DfAz DfBf DfBt DfBv DfCh DfCv DfDa DfDc DfDp DfDr DfEc
DfEf DfEg DfEw DfFb DgAp DgAs DgAy DgBn DgBo DgBu DgBw DgCg DgDk DgDo DgDv
DgDw DgDx DgEe DgEg DgEl DgFf DgFm DgFp DhAd DhAe DhAf DhAi DhAu DhBd DhBg
DhBh DhBl DhBy DhCa DhCb DhCd DhCf DhCg DhCp DhCs DhCt DhDe DhDq DhDr DhDv
DhDy DhEf DhEg DhFf DhFj DhFo DhFs DiAi DiAn DiAo DiAp DiAz DiBc DiBj DiBm
DiBo DiBx DiCd DiCh DiCi DiCn DiCr DiCw DiDq DiEc DiEt DiEv DiEz DiFa DiFi
DjAb DjAg DjAp DjBl DjBv DjBz DjCb DjCd DjCi DjCn DjDc DjDe DjDh DjDs DjDv
DjDx DjEa DjEn DjEy DjFc DjFk DkAf DkAu DkAx DkBm DkBo DkBu DkBx DkCc DkCd
DkCi DkCm DkCs DkCt DkCw DkCy DkDe DkDm DkDr DkEb DkEd DkEg DkEu DkEx DkEy
DkEz DkFf DkFg DkFk DkFl DkFo DkFp DlAi DlAx DlBo DlCm DlCn DlCo DlDf DlDg
DlDj DlDp DlDx DlDz DlEe DlEo DlEr DlEt DlEv DlFd DlFh DlFn DlFt DmAj DmAk
DmAv DmAx DmAz DmBg DmBk DmBm DmBo DmBs DmBv DmBy DmCb DmCg DmCh DmCm DmCp
DmCr DmDc DmDe DmDz DmEn DmEv DmFi DmFp DnAa DnAl DnAr DnAt DnAv DnBm DnBu
DnCb DnCd DnCj DnCl DnCs DnCx DnDc DnDg DnDm DnDv DnEi DnEs DnEy DnFe DnFh
DnFn DoAa DoAe DoAh DoAo DoBi DoBn DoBo DoBs DoCb DoCd DoCj DoCr DoCz DoDb
DoDk DoEi DoEw DoFb DoFc DoFf DoFh DoFi DoFr DpAc DpAq DpAs DpAt DpBb DpBi
DpBj DpCl DpCq DpCv DpEb DpEc DpEo DpEq DpEu DpFe DpFl DpFq DpFr DpFt DqAb
DqAk DqAy DqAz DqBc DqBn DqBs DqBw DqCa DqCd DqCq DqCy DqDa DqDb DqDe DqDr
DqDu DqEg DqFg DqFo DrAz DrBh DrBl DrBq DrBv DrBx DrCf DrCu DrCw DrDa DrDl
DrDn DrDo DrDp DrDv DrEd DrFa DrFf DrFj DrFm DrFs DsAh DsAu DsAw DsBh DsBs
DsCd DsCe DsCf DsCu DsCz DsDe DsDf DsDt DsEc DsEh DsFa DsFd DtAe DtAv DtAx
DtBc DtBf DtBk DtBn DtBo DtBq DtBr DtBv DtBy DtCj DtCp DtCq DtDb DtDc DtDe
DtDh DtDk DtEt DtEz DtFa DtFf DtFh DtFs DtFt DuAo DuBb DuBd DuBw DuCa DuCb
DuCh DuCz DuDf DuDm DuEp DuEr DuEx DuFa DuFd DuFe DuFk DvAc DvAf DvBf DvBv
DvBw DvCf DvCo DvEm DvFd DvFf DvFh DvFl DwAc DwAf DwAo DwAq DwAu DwAw DwBc
DwBp DwBq DwBt DwBu DwCe DwCi DwCs DwCw DwDf DwDl DwDu DwEu DwFh DwFj DwFn
DxAc DxAg DxAl DxAm DxAr DxAu DxBb DxBe DxBf DxBk DxBo DxBp DxBv DxBx DxCa
DxCw DxDb DxDg DxDh DxDj DxDn DxEr DxFg DyAa DyAe DyAh DyAk DyAm DyAu DyAx
DyBe DyBf DyCb DyCc DyCg DyCj DyCp DyCr DyDj DyDt DyDu DyDz DyEg DyEm DyEp
DyEu DyEz DyFa DyFj DyFn DyFo DzAr DzAv DzBb DzBh DzBj DzCd DzCf DzDt DzDw
DzEd DzEg DzFc DzFe DzFg DzFm DzFq DzFr EaAe EaAj EaAk EaAm EaAq EaBl EaBq
EaBr EaCa EaCi EaCm EaCw EaCy EaDa EaDm EaDn EaDu EaEb EaEg EaEv EaFc EaFg
EaFj EaFn EaFt EbAg EbAh EbAi EbAj EbAk EbAs EbAt EbAu EbBi EbBp EbCh EbCr
EbCx EbDa EbDi EbDq EbDz EbEd EbEf EbEp EbEs EbEw EbEy EbFg EbFm EbFp EbFs
EcAd EcAg EcAi EcAt EcBf EcBq EcBz EcCb EcCc EcCo EcDf EcEg EdAp EdAq EdBj
EdCw EdCx EdDh EdDr EdEb EdEm EdEt EdEz EdFn EeAd EeAe EeAv EeAz EeBk EeBt
EeCl EeCy EeDk EeDo EeEf EeEi EeEo EeEu EeEx EeEy EeFd EeFi EeFk EeFn EfAf
EfAr EfAt EfAz EfBb EfBl EfBo EfBt EfBu EfBw EfCw EfCy EfDa EfDk EfDo EfEa
EfEb EfEg EfEi EfEk EfEt EfEz EfFi EfFl EfFm EgAb EgAg EgAi EgBa EgBd EgBe
EgBl EgCl EgDb EgDe EgDf EgDp EgEe EhAo EhAx EhBb EhBh EhBl EhBs EhBz EhCb
EhCd EhCe EhCk EhCw EhDf EhDo EhDs EhEb EhEe EhEk EhEr EhFc EhFl EhFq EiAc
EiAo EiBa EiBh EiBj EiBr EiCi EiCp EiDa EiDc EiDk EiDs EiEh EiFb EiFh EiFo
EjAa EjAn EjAp EjAq EjBb EjBs EjBt EjCj EjCl EjCt EjCz EjDb EjDh EjDy EjEo
EjEx EjFr EjFt EkAa EkAh EkBj EkBl EkBp EkBz EkCb EkCg EkCi EkCj EkCm EkCv
EkDn EkDp EkDq EkDs EkDu EkDx EkEe EkEq EkEr EkEv EkEz EkFc EkFi EkFm EkFp
EkFq ElAn ElAr ElBa ElBb ElBl ElBm ElBp ElBq ElBr ElBs ElBx ElCb ElCg ElCo
ElDa ElDr ElDt ElEm ElEo ElEp ElFc ElFh ElFp ElFs EmAc EmAj EmAk EmAl EmAp
EmAt EmAx EmBi EmCb EmCh EmCo EmCu EmCw EmDb EmDf EmDh EmDy EmEq EmFn EmFo
EnAk EnAs EnAt EnAw EnBi EnBn EnBt EnBu EnBv EnCd EnCg EnCr EnCy EnCz EnDd
EnDt EnEb EnEh EnEm EnFc EnFj EnFk EnFo EnFs EoAh EoAp EoBf EoBj EoBo EoBw
EoCh EoCj EoCl EoCm EoCo EoCr EoCs EoCx EoDc EoDj EoDq EoDu EoEe EoEs EoFg
EoFk EoFl EpAd EpAn EpAo EpAq EpAt EpAx EpAz EpBq EpBw EpCd EpCe EpCi EpCj
EpCn EpCs EpCt EpCz EpDa EpDb EpDe EpDu EpEa EpEc EpEl EpEo EpEu EpFi EpFj
EqAa EqAc EqAq EqAr EqAu EqAw EqAz EqBa EqBb EqBf EqBj EqBo EqBt EqBu EqBv
EqCn EqCq EqCr EqCw EqCz EqDq EqDw EqDy EqEc EqEi EqEv EqEy EqFo EqFr EqFt
ErAa ErAg ErAm ErAt ErAy ErBf ErBi ErBj ErBk ErBr ErCu ErCx ErCy ErDi ErEt
ErFj ErFk ErFm ErFn ErFo EsAe EsCe EsCm EsCp EsCv EsCz EsDn EsDr EsDy EsEg
EsEh EsEn EsEp EsFh EsFs EtAj EtAt EtBa EtBe EtBi EtBp EtBu EtCd EtCf EtCn
EtCp EtCu EtCz EtDb EtDd EtDf EtDg EtDi EtDu EtDv EtDy EtEa EtEd EtFi EtFm
EtFo EtFs EuAe EuBl EuCd EuDe EuDr EuDu EuDv EuEb EuEe EuEw EuEy EuFn EuFt
EvAb EvAs EvAx EvBe EvBn EvBt EvBx EvBy EvCw EvCz EvDj EvDv EvDy EvEd EvEh
EvEq EvFd EvFe EwAn EwAz EwBb EwBi EwBu EwCb EwCf EwDh EwDk EwDv EwDx EwEc
EwEq EwEt EwFf EwFi EwFr ExAi ExAk ExAs ExBa ExBd ExBm ExBr ExBx ExCd ExCl
ExCp ExCr ExDa ExDb ExDc ExDe ExDi ExDo ExDp ExDr ExEb ExEd ExEj ExEq ExEw
ExEy ExFg EyAc EyAd EyAg EyBd EyBi EyBw EyBy EyCc EyCi EyCq EyCt EyCw EyDg
EyDl EyDm EyDp EyDs EyEv EyFm EyFq EzAu EzBg EzBs EzCj EzCk EzCy EzDf EzDi
EzDl EzDo EzEc EzEf EzEq EzEy EzFl EzFr FaAi FaAk FaAm FaBc FaBk FaBn FaBp
FaBu FaCd FaCf FaCl FaCp FaCw FaEz FaFi FaFs FbAd FbAe FbAr FbAt FbBj FbBq
FbBs FbCc FbCl FbCy FbDc FbDv FbEi FbEk FbEl FbEp FbEq FbEu FbEw FbFd FbFf
FcAc FcAn FcAs FcAv FcCi FcDg FcDl FcDy FcEd FcEu FcEw FcEz FcFf FcFg FcFi
FcFr FdAm FdAx FdBe FdBj FdBp FdBr FdBu FdBy FdCf FdCi FdCx FdDf FdDj FdDq
FdDt FdEa FdEd FdEj FdEs FdFf FdFo FdFq FeAe FeAk FeAl FeAm FeAq FeBi FeBn
FeBt FeCc FeCx FeDb FeDf FeEi FeEp FeFa FeFh FeFl FeFs FfAe FfAr FfAv FfAy
FfAz FfBc FfBd FfBn FfCa FfCe FfCx FfDc FfDj FfDt FfDx FfEe FfEs FfEt FfEv
FfFb FfFn FfFo FfFp FfFq FfFs FgAh FgAl FgAp FgAw FgAx FgBc FgBq FgCb FgCe
FgCv FgDy FgEh FgEj FgEx FgFh FhAd FhAx FhBb FhBi FhBj FhCa FhCf FhCn FhCp
FhCq FhCu FhCx FhCz FhDa FhDc FhDu FhDy FhEj FhEn FhEp FhEs FhEt FhEu FhEx
FhFd FhFp FiAi FiAj FiBf FiBp FiBu FiBv FiBx FiBy FiCa FiCo FiDf FiDl FiDn
FiDo FiDp FiDz FiEc FiEq FiEv FiFb FiFc FiFd FiFm FjAd FjAn FjAw FjBb FjBt
FjCb FjCl FjCq FjCu FjCv FjCx FjDa FjDo FjDy FjEi FjEn FjEy FjEz FjFd FjFg
FjFl FjFt FkAe FkAf FkAq FkAr FkBn FkBt FkBx FkCw FkDe FkDj FkDn FkDq FkEb
FkEl FkEv FkFa FlAn FlBa FlBf FlBi FlCo FlCu FlDh FlDm FlDu FlEc FlEd FlEz
FlFb FlFk FlFs FmAc FmAg FmAn FmBj FmBq FmBu FmBy FmCn FmCo FmDk FmDl FmDm
FmDn FmDr FmDs FmEh FmEk FmEz FmFc FmFe FmFj FmFk FnAh FnAs FnAx FnBj FnBk
FnBm FnBs FnCm FnDj FnDq FnEf FnEj FnEm FnEu FnEx FnEz FnFd FnFk FoAj FoBb
FoBg FoBi FoBj FoBm FoBu FoCd FoDj FoDr FoDs FoEd FoEe FoEn FoEp FoFd FoFf
FoFm FoFs FpAg FpAt FpAw FpBe FpBl FpBw FpBy FpBz FpCb FpCh FpCi FpCw FpDb
FpDd FpDp FpEi FpEq FpEr FpEs FpEv FpFe FpFq FpFt FqAa FqAb FqAg FqAk FqAx
FqBn FqBt FqBv FqCb FqCu FqDl FqDm FqDs FqDt FqDy FqEq FqEx FqEz FqFc FqFd
FqFf FqFh FqFm FqFt FrAf FrAy FrBc FrBf FrBn FrBp FrBq FrBu FrCz FrDm FrDr
FrDx FrDz FrEb FrEe FrEm FrEp FrEs FsAg FsAv FsBh FsBk FsBo FsBq FsBu FsBv
FsBx FsBz FsCb FsCd FsCg FsDa FsDg FsDi FsDj FsEi FsEo FsFk FtAg FtAh FtAq
FtAr FtBk FtBx FtCp FtCu FtDe FtDg FtDi FtDl FtEf FtEo FtEw FtFb FtFf FtFo
FtFq 
Hamiltonian circuit:
EqCnElDtDkBoEvDyBfAvBwEtBiBzDxAcAdEfDoCrCcCqBsEzDlCoEuDuDmDcCiFkEbCxDsAuDaEeEoCjErBjEyCwDeBlAqFnBkDzFmDnCsDiAoBgFpAtExDrBxBqCeAjEhFqFcDgDwAfEaFjCvAbEpCdEwFfEsCzEnAwBvFiAiEjDhByAlArAxFgBcBpDdAyChBeCgEdApAsAnCaBnFbCyAaFlEcAgCkBhFoBbFeEiFhCfFaAkCuBrFrEmCbBmAzAmCmAhDfEgBdEkDpClCtFsDjDvFdDqDbBaBtFtCpAeBuEq
