100 nodes
200 edges
AaBq 24.322731 AbBw 24.919478 AbCe 23.043681 AbCo 20.641514 AbCr 21.353047 
AbDm 24.346813 AcAw 23.316311 AcBr 20.573018 AcCd 24.195622 AcCp 22.536929 
AcCv 22.223256 AcCz 22.741864 AcDd 22.480106 AcDq 20.114788 AdCe 21.353388 
AdCx 20.999945 AdDf 20.834192 AdDk 21.254145 AeBq 22.156666 AeBv 22.617203 
AeDf 21.711307 AfAo 20.586797 AfCc 22.953344 AfCj 22.150839 AgBe 22.781075 
AgCe 22.707700 AgDm 23.799048 AhCd 23.564501 AhCh 22.467444 AhDl 22.558887 
AhDs 23.789294 AhDu 24.344966 AiAn 21.995945 AiAu 20.480784 AiAz 20.102826 
AiDk 20.159463 AjCi 20.043738 AkCg 23.182508 AkCs 24.622791 AkDg 21.987686 
AlAt 24.082937 AlBl 23.100776 AmBk 20.940435 AmBr 23.332086 AmBs 24.872659 
AmDp 22.845511 AnAw 24.814435 AnCg 21.379138 AnCj 20.638033 AnDb 23.739422 
AnDp 22.581026 AoCc 20.267999 ApBa 23.373543 ApBm 20.402343 ApCm 20.621324 
ApCz 24.573005 ApDa 21.163018 ApDf 21.730321 ApDl 23.826016 AqBz 24.332289 
ArCh 24.035252 ArDs 22.458710 AsCj 23.725384 AtCs 22.721208 AtCy 20.315872 
AuBc 22.872134 AuBr 23.572665 AvCf 20.344093 AvCk 20.031983 AvDf 22.887733 
AwAx 23.946480 AxBt 21.824560 AxCi 24.223689 AxCt 23.749189 AyBa 24.733238 
AyCe 24.701170 AyCo 23.241721 AzBg 20.125547 AzBn 22.362747 AzCz 20.575598 
BaBy 24.387258 BbBn 22.433621 BbCl 20.578950 BbCt 23.821696 BbDc 20.762896 
BbDq 21.324694 BcBd 20.636433 BcCo 21.966660 BcCq 23.780322 BcCz 23.171483 
BcDc 24.420486 BdCa 23.473608 BeCz 20.205838 BeDd 21.939952 BfBi 21.261775 
BfBm 23.668450 BfCj 24.271403 BfCt 23.853221 BgBz 22.944449 BgCb 20.922614 
BgCk 20.238550 BgDj 22.731855 BgDk 22.968482 BhBr 20.674720 BhCj 20.178808 
BhCr 20.574230 BhDm 22.914936 BhDu 20.650310 BiCh 24.501567 BiCk 22.132935 
BiDd 23.090231 BiDl 22.916580 BkCi 21.735819 BlCn 20.950083 BlDc 20.717762 
BmBp 22.108665 BmBv 24.268321 BnBr 20.546789 BnBx 21.424853 BnCb 22.059972 
BnCt 24.254008 BnCu 20.804993 BoCa 21.071734 BoCe 21.678794 BoCh 21.906746 
BoCl 21.249800 BoCv 21.114357 BpCa 21.240871 BqCi 21.108788 BqCq 24.502342 
BqDh 22.662580 BqDs 22.420146 BrCr 24.408615 BrCw 23.719837 BuBx 21.922794 
BuCf 21.619751 BvCb 23.813175 BvDb 24.375444 BvDk 23.778929 BvDo 23.160588 
BwCl 23.245609 BwDh 22.657520 BxCr 21.410571 ByCt 20.178274 ByCx 20.662159 
ByDl 22.672939 ByDm 24.302612 BzCx 21.764831 CaCc 24.749405 CaCn 24.291476 
CbCl 24.070890 CbCs 23.210619 CbCt 24.938525 CbDi 24.649813 CbDj 23.202453 
CeCv 23.741401 CeDg 24.751054 CgCv 23.659932 CgDt 21.794175 ChDk 22.021174 
CiCl 23.818520 CiCm 21.554025 CiCt 20.897914 CiDi 20.247988 CjCw 21.840104 
CjDg 20.256538 CkCp 21.286033 CkDb 20.237094 ClCt 21.630365 ClCw 21.833861 
ClDq 20.738919 CnDk 24.290787 CpCq 23.586262 CpDm 23.759653 CqCt 20.057444 
CrCw 23.333834 CtDd 21.752770 CvDb 23.848257 CvDt 23.309268 CwDd 23.017169 
CyDh 21.750517 CyDp 20.905945 CyDt 23.418042 CzDa 23.360330 CzDg 22.926073 
DaDo 22.777719 DaDt 23.458042 DbDd 24.770206 DbDl 23.744442 DcDn 21.630270 
DdDt 22.947104 DeDi 22.752607 DfDq 23.600805 DgDh 24.215395 DgDj 24.233793 
DjDt 21.284427 DkDp 24.171776 DkDt 21.150299 DnDp 22.290976 DtDv 21.876572 

1.000000 0.000000 0.200000
-11.123457 1.307174 2.240000
9.337546 5.016995 2.120000
-6.538531 -0.898676 1.320000
0.249212 1.377640 0.280000
-8.582775 -17.174865 3.840000
18.037691 -2.425224 3.640000
-4.374529 -2.811315 1.040000
-14.226039 3.283262 2.920000
1.481308 2.376073 0.560000
11.436857 -3.632946 2.400000
-1.884663 18.504271 3.720000
-1.884950 7.568815 1.560000
-2.097173 14.044282 2.840000
-13.751696 14.796313 4.040000
-4.734043 -4.881479 1.360000
-20.390656 -0.617380 4.080000
-1.631877 -5.147521 1.080000
8.496831 -17.440294 3.880000
-7.397416 -8.673998 2.280000
-9.549112 0.987145 1.920000
0.531962 -6.979758 1.400000
7.233121 1.562677 1.480000
-0.571563 2.945049 0.600000
-16.957149 -4.713290 3.520000
16.799993 -0.015871 3.360000
15.386724 0.639327 3.080000
-7.632897 2.395595 1.600000
4.039186 -1.151075 0.840000
-8.617940 -4.665953 1.960000
-13.016138 11.547300 3.480000
3.886093 -7.671915 1.720000
13.743952 -1.242492 2.760000
11.765766 14.146617 3.680000
11.859626 -11.615045 3.320000
-1.000000 -1.000000 -1.000000
-2.103009 2.411919 0.640000
-6.061218 -16.736237 3.560000
3.490756 -4.378884 1.120000
7.665382 -4.322258 1.760000
-7.178965 -3.962634 1.640000
10.659557 -8.445937 2.720000
0.972667 0.702794 0.240000
-4.230358 15.223143 3.160000
-14.722263 6.265380 3.200000
4.295515 6.269653 1.520000
15.197867 12.691133 3.960000
1.849493 -1.529502 0.480000
1.971690 4.156012 0.920000
14.395862 9.042078 3.400000
8.476145 3.025719 1.800000
19.485191 -2.118332 3.920000
-14.800416 -6.586933 3.240000
5.772119 -0.568017 1.160000
2.129520 19.886305 4.000000
-9.281649 8.814249 2.560000
10.850148 5.578019 2.440000
10.172893 11.826759 3.120000
-13.835112 12.729088 3.760000
-12.526717 -3.475826 2.600000
-0.907361 1.317838 0.320000
5.736661 10.993212 2.480000
0.724370 10.775680 2.160000
-3.227576 1.068996 0.680000
-3.049538 -1.913196 0.720000
-10.467491 -10.462869 2.960000
-2.715216 -9.624324 2.000000
3.976656 1.883138 0.880000
-1.794535 0.140157 0.360000
-3.823035 -15.948179 3.280000
8.625081 11.027601 2.800000
-0.001522 -3.800000 0.760000
2.488861 17.018977 3.440000
-9.800329 10.550524 2.880000
-3.506453 -7.633137 1.680000
8.528063 -12.582216 3.040000
-1.888517 4.412879 0.960000
6.640755 -7.742117 2.040000
-0.130697 -14.999431 3.000000
5.004428 3.309939 1.200000
10.100293 -2.478724 2.080000
2.130482 8.949919 1.840000
-5.673159 7.495016 1.880000
2.590326 0.224077 0.520000
-4.738094 1.597018 1.000000
-1.454514 -1.372731 0.400000
2.153404 -3.370883 0.800000
-2.267681 12.394258 2.520000
-0.347712 6.190242 1.240000
-7.171022 -11.082258 2.640000
-6.399271 8.947029 2.200000
9.141217 -15.506068 3.600000
-5.527682 3.225637 1.280000
-1.821476 -11.456100 2.320000
6.293893 -3.496700 1.440000
-1.000000 -1.000000 -1.000000
-0.313573 -2.177538 0.440000
7.786899 -8.865901 2.360000
3.195819 -13.013329 2.680000
-18.608176 -3.838721 3.800000

A graph with unknown solution, probably unexisting