60 nodes
120 edges
AaAg 24.673981 AaAw 22.140248 AaCb 22.844706 AbAq 22.661214 AbAw 21.101235 
AbBd 20.513065 AbBe 23.274827 AbBu 24.932863 AbBv 23.455795 AcAq 21.910230 
AcAy 24.432678 AcBd 20.382777 AcBj 20.007423 AdAi 22.482817 AdAm 21.859187 
AdBa 24.942674 AdBb 23.203043 AdBk 20.724560 AdBt 20.584899 AeAt 22.251220 
AeBm 22.942132 AeBw 21.050122 AeCf 22.227484 AfAw 23.988596 AfBd 23.854124 
AfBy 22.773373 AgAi 23.950058 AgAn 24.844000 AgAy 22.801019 AhAz 24.602878 
AhBj 24.400718 AhBo 24.427360 AhBt 22.859780 AhBz 22.697666 AhCa 22.192688 
AhCf 21.402215 AiAj 23.736081 AiAs 24.212921 AiBg 22.546232 AjAs 22.006789 
AjBm 22.950792 AjBp 20.922272 AjCe 20.719243 AjCh 24.422593 AkAt 24.951611 
AkBc 21.898219 AkBj 22.416054 AkBx 22.229476 AlBa 21.297659 AnAt 23.793234 
AnAu 21.060929 AoAv 20.045492 AoBc 21.209611 AoBl 22.500020 AoBt 22.630547 
ApBd 21.180244 ApBf 20.373857 ApBz 24.676801 AqBj 22.063278 AqBn 21.546984 
AqCb 22.004120 ArAz 21.343810 ArBk 24.329336 ArBn 21.954580 AsAw 22.358062 
AsAy 23.813240 AsBk 21.359396 AsCb 20.467558 AtAx 24.081635 AtAz 22.663049 
AuBa 24.145166 AvBl 21.492813 AwBj 21.667083 AwBl 22.827631 AwBr 24.779264 
AxBg 20.022268 AxBr 22.774765 AyBy 21.911304 AyCg 23.502276 AzBc 24.342689 
AzBe 22.165728 BaBp 23.127916 BbCe 20.787881 BcBr 22.332666 BdCa 22.433435 
BeBh 24.933965 BeBk 24.990509 BeCf 20.595381 BfBq 20.811663 BfBv 24.592077 
BgBi 22.477674 BgBn 23.041089 BgBp 24.702777 BgCb 24.871256 BhBw 20.265100 
BiBm 23.209345 BiBo 20.671409 BjBp 24.640406 BjCa 23.170616 BkBm 22.439974 
BkBw 23.059638 BlBv 20.122043 BmBp 21.787060 BmBv 22.359284 BnBu 22.151019 
BnBy 22.329686 BnCb 20.368917 BoBp 20.433403 BqCc 21.633615 BrCh 24.170366 
BsCe 24.165012 BtCc 22.789102 BtCh 20.175359 BwCc 24.452523 BxCe 20.915905 
BxCg 21.980053 ByCe 21.819259 BzCd 20.235693 CbCe 20.313610 CdCg 22.015769 

1.000000 0.000000 0.200000
0.940501 -2.208044 0.480000
-2.923264 4.300527 1.040000
3.702228 -2.377710 0.880000
-1.657715 -10.267034 2.080000
2.451412 -0.866359 0.520000
0.938310 0.748048 0.240000
-5.829680 3.500689 1.360000
-1.794749 0.137386 0.360000
4.594522 0.224429 0.920000
-6.392029 -2.853414 1.400000
11.169768 5.384819 2.480000
2.812049 9.178910 1.920000
-1.703707 -1.047561 0.400000
6.768097 -3.457292 1.520000
3.526684 10.419333 2.200000
-3.511728 0.792316 0.720000
-3.527254 -8.062163 1.760000
2.741511 0.569313 0.560000
3.326558 3.460348 0.960000
1.011618 4.896594 1.000000
7.327064 2.674721 1.560000
-0.147839 1.392172 0.280000
4.396512 6.683613 1.600000
-1.026723 -1.945724 0.440000
8.018167 -6.933181 2.120000
-4.966603 8.448246 1.960000
1.699274 -8.838126 1.800000
-2.302260 7.870171 1.640000
-0.497255 -5.778645 1.160000
3.390801 -4.949997 1.200000
-10.936090 -3.868067 2.320000
-3.455886 -1.580142 0.760000
-5.519240 9.745665 2.240000
-8.315258 -2.194648 1.720000
2.188767 2.051657 0.600000
-1.403589 6.449026 1.320000
0.562550 3.150165 0.640000
-7.929317 -6.416069 2.040000
-2.017816 -3.453755 0.800000
2.976358 -11.625029 2.400000
-1.153241 -7.107041 1.440000
-4.071665 12.135137 2.560000
-2.110558 2.665623 0.680000
8.623613 -3.205199 1.840000
-9.972974 0.734701 2.000000
5.968146 -1.679651 1.240000
4.688653 4.356206 1.280000
-6.634889 -9.757984 2.360000
8.894733 3.040348 1.880000
-5.230926 1.340678 1.080000
11.530538 -3.985811 2.440000
3.699629 -6.408802 1.480000
-0.960909 1.279318 0.320000
6.366605 10.873194 2.520000
10.245893 3.414918 2.160000
0.501429 -4.169960 0.840000
-11.171629 2.270400 2.280000
-4.339256 -3.539895 1.120000
-6.398363 5.442514 1.680000

A graph with unknown solution, probably unexisting