70 nodes
140 edges
AaAr 24.365065 AaAx 20.889167 AaBk 22.819064 AaBl 22.820835 AaBm 21.065517 
AaBy 22.556538 AbAu 20.835297 AbBl 20.499521 AcAz 24.352747 AcCj 21.076404 
AcCm 22.947423 AdAf 22.232836 AdAm 23.150303 AdAs 24.766828 AdBx 23.166127 
AdCf 23.216338 AeAh 22.180155 AeAi 21.498501 AeAn 20.591177 AeBx 22.821593 
AfCo 21.521243 AgAj 22.998665 AgAm 22.703876 AgAu 21.802107 AgBz 20.150966 
AgCj 20.962115 AhAi 21.846246 AhAu 20.971114 AhAy 23.076210 AhBf 22.051454 
AhCh 20.680259 AiBw 22.689675 AiCg 21.904042 AjAq 24.179804 AjAz 20.145000 
AkAu 24.888818 AkBk 20.882606 AlAu 20.079766 AlBl 23.843397 AnAq 23.778753 
AnBc 23.243530 AnBv 24.077587 AnCn 21.939100 AoBb 24.219568 AoBj 24.296637 
AoBt 22.010314 AoBw 21.479547 AoCc 23.209108 ApBe 22.614099 ApBi 24.839397 
ApBy 23.851944 ApCa 22.939416 AqAx 22.106087 AqBn 21.686941 AqBt 24.968467 
AqCe 22.994833 AqCk 21.545571 AsBo 23.095984 AsBp 20.278241 AsCk 23.084216 
AtAu 24.118102 AtAy 21.379432 AtBi 20.589184 AtCr 23.328971 AuBs 23.042618 
AuCc 24.992366 AvBc 20.496991 AvBm 20.594658 AvBu 23.404968 AvBv 24.663320 
AwBo 21.681623 AwBu 20.076697 AxAy 21.693023 AxBd 23.767216 AxBl 22.994493 
AxBw 24.472413 AyBe 20.931942 AyBx 20.772564 AyCk 21.173335 AzBh 24.054493 
AzBv 24.135511 AzBw 20.952819 AzCc 21.948795 BaBj 20.575610 BaBo 20.200263 
BaBt 21.979243 BaCc 22.977039 BaCg 20.862056 BbBw 23.051214 BcCb 24.320661 
BdCr 22.508664 BeBs 23.096645 BeCe 23.398520 BfBs 22.831647 BfCg 21.715729 
BgBk 20.362482 BgBq 23.305307 BgBw 21.060664 BgCd 23.430968 BhBj 23.225800 
BhBk 24.174262 BiBp 23.252463 BiCb 23.723574 BjBq 24.529380 BkCc 24.616536 
BkCe 21.350701 BlBs 24.200795 BlBt 20.315196 BlBu 23.156730 BlBv 22.363389 
BlCb 22.642477 BmCl 22.092528 BpCd 22.235155 BpCh 20.534591 BpCk 21.840742 
BqBt 20.103679 BqCc 20.213874 BqCp 24.227703 BqCr 20.201297 BrBx 22.565495 
BrCr 20.005764 BsCi 22.155141 BsCj 24.827130 BtCm 21.242885 BtCn 22.107852 
BuCe 21.613329 BwBx 22.389282 BwCb 22.613902 BwCh 22.565487 BxCc 21.137182 
BxCe 21.276144 ByCj 23.530949 BzCn 24.028375 CaCh 20.827610 CaCn 23.146489 
CcCr 21.869935 CdCk 21.073141 CfCr 20.637854 CjCk 21.686583 ClCp 21.913774 

1.000000 0.000000 0.200000
4.161104 0.570274 0.840000
-8.665045 -8.301626 2.400000
-1.474487 12.916110 2.600000
7.438788 -9.920909 2.480000
0.827007 14.376232 2.880000
-3.404376 -11.715384 2.440000
3.787344 -6.123400 1.440000
-6.959409 4.336660 1.640000
-2.838044 5.736332 1.280000
-2.361672 2.159284 0.640000
1.825658 4.003370 0.880000
9.925663 10.154862 2.840000
-6.032729 2.676972 1.320000
-8.289259 -1.359479 1.680000
3.697862 4.725020 1.200000
2.061775 -1.228448 0.480000
0.865362 0.831354 0.240000
12.562630 -0.969703 2.520000
6.786636 -2.949843 1.480000
9.178442 -0.629447 1.840000
5.213184 -2.045168 1.120000
9.624080 5.327015 2.200000
0.160688 1.390748 0.280000
2.596420 0.136398 0.520000
-5.298059 -6.774258 1.720000
-9.683679 2.495267 2.000000
-0.560274 -8.782146 1.760000
4.743913 10.145703 2.240000
2.082637 1.871530 0.560000
7.330167 2.007150 1.520000
-8.770887 -5.206874 2.040000
-3.337360 0.649634 0.680000
-2.593068 -2.497199 0.720000
-1.655733 11.279120 2.280000
-4.088487 8.906418 1.960000
-1.113157 1.149297 0.320000
-1.747815 -0.430281 0.360000
-1.258083 -1.554743 0.400000
-6.591848 -1.669593 1.360000
4.840548 -12.923200 2.760000
8.538175 9.536224 2.560000
8.163458 4.660253 1.880000
-9.055004 9.604525 2.640000
-1.267234 4.422004 0.920000
-4.605907 1.351156 0.960000
-4.795807 -1.414298 1.000000
-1.311238 -5.031963 1.040000
-0.330962 2.981688 0.600000
4.114567 6.626488 1.560000
0.751857 -2.067537 0.440000
13.733931 -2.716455 2.800000
-11.754485 -1.035414 2.360000
1.599916 -5.157545 1.080000
-0.472220 -3.770545 0.760000
2.438228 9.285206 1.920000
2.635232 -3.009244 0.800000
-13.378802 0.753432 2.680000
-8.162851 -10.877861 2.720000
5.279502 -7.288817 1.800000
-1.855101 -10.233211 2.080000
0.538230 6.176594 1.240000
-2.083096 -6.682867 1.400000
5.520695 1.778180 1.160000
7.304765 -7.681173 2.120000
10.427339 -2.812579 2.160000
-11.049305 9.543210 2.920000
-8.610308 7.773198 2.320000
-1.000000 -1.000000 -1.000000
-3.487484 7.199823 1.600000

A graph with unknown solution, probably unexisting