80 nodes
160 edges
AaAy 21.308189 AaBl 22.012312 AaBm 20.101668 AaBy 21.282893 AaCm 20.207683 
AbAg 20.892884 AbAo 24.380030 AbCa 21.688949 AcAe 22.292338 AcAi 20.243417 
AcCc 24.945264 AcCj 23.606264 AcCk 20.520834 AcCo 21.125861 AdCc 21.548605 
AeBe 24.909627 AeBy 23.652916 AeCh 21.319400 AfAz 21.396614 AfBp 20.846974 
AfCi 20.029981 AfCl 20.722470 AgBa 24.813008 AhBc 22.846054 AhBh 21.383408 
AhBu 23.612242 AhCc 24.052483 AhCp 23.571346 AhCx 20.245458 AiBc 22.914879 
AiBn 22.023207 AiBr 21.729091 AiCy 23.037576 AjBi 21.906885 AjBt 22.915206 
AjCj 24.513186 AkBl 24.931661 AkBt 24.179955 AkBw 20.041119 AkCj 22.443346 
AkCm 22.269358 AkCt 23.463350 AlAu 20.896832 AlAw 22.115410 AlAx 22.658927 
AlBo 21.902858 AlCe 20.766223 AlCx 21.131915 AmAv 21.845189 AmBw 22.075582 
AmCd 24.142529 AmCe 24.611511 AnBg 22.076702 AnBh 24.011830 AnCy 23.226076 
AoAs 20.106105 AoAx 21.780293 AoBg 20.215685 AoBl 22.918114 AoBn 24.065454 
ApBl 23.594446 ApCb 21.780459 ApCf 21.364743 ApCh 24.068105 ApCs 20.401674 
ApCz 24.855412 ApDa 23.930650 AqAx 24.371896 AqCg 22.341312 AqCh 20.708763 
AqCk 23.436568 AqCq 21.671966 AqCt 21.091573 ArBs 21.774571 ArCx 24.730464 
AsBu 23.243798 AsCq 21.387179 AtBp 23.323699 AtBr 23.677682 AtCj 24.218981 
AuDa 22.884924 AvCx 23.370270 AwBg 23.196521 AwBz 22.596760 AwCe 23.776459 
AwCj 23.303294 AwCz 20.991368 AxCm 24.094476 AyBw 22.680813 AyCk 22.850502 
AyCl 21.948271 AyCw 21.272322 AzBo 22.641179 AzBs 23.536544 AzBt 23.881198 
AzBx 23.239974 AzCg 20.503223 AzCh 24.530757 BaBb 22.294108 BbBv 24.593810 
BbBw 21.213372 BbCy 24.243766 BcBn 24.128269 BcBs 24.102725 BcCr 24.339766 
BeCt 24.939679 BfBt 24.557051 BfCd 23.757699 BfCs 23.240455 BgBl 22.480370 
BgBu 23.631215 BhBp 24.616434 BhCe 21.961927 BhCf 24.656778 BiCo 21.782979 
BkCh 23.595710 BkCk 20.496711 BlBn 24.812222 BlCj 20.780087 BmBo 22.428581 
BmCb 23.105193 BmCw 21.670758 BnCb 22.534468 BnCc 24.065658 BnCo 22.251382 
BnCv 21.877803 BoCa 22.001758 BpCa 22.898943 BpCt 23.124407 BqCh 24.488443 
BrCa 24.990070 BsBw 21.774175 BsCm 23.514595 BsCv 22.334125 BtCg 20.451616 
BtCh 21.614460 BtCl 22.092872 BuCu 23.743817 BuDb 20.602354 BvCa 22.445982 
ByCq 23.253939 BzCq 23.650840 CaCh 21.450425 CaCk 24.656528 CbCg 20.998383 
CdCh 22.946954 CfCm 22.133549 CgCh 22.026745 CgCo 21.510273 ChCr 21.845308 
ChCx 24.843930 CiCq 20.323655 CiDb 22.817608 CkCm 22.070804 ClCz 21.276307 
CmDa 22.394805 CnDa 22.661908 CpCz 21.649478 CtCy 22.022140 CyCz 22.604423 

1.000000 0.000000 0.200000
-2.250581 7.468259 1.560000
-0.105187 6.199108 1.240000
-10.060006 12.441715 3.200000
-0.620382 4.557974 0.920000
2.240202 -6.631855 1.400000
-14.529293 1.435149 2.920000
15.385753 0.662269 3.080000
4.853546 7.815567 1.840000
-2.668779 -9.844675 2.040000
-2.441153 1.743781 0.600000
9.403199 -4.892836 2.120000
5.728278 0.909301 1.160000
0.277821 -8.595511 1.720000
-3.185411 0.305218 0.640000
-3.003819 -1.592820 0.680000
-5.307405 3.576513 1.280000
-6.854435 -9.605037 2.360000
-7.221648 3.442063 1.600000
4.773160 -9.239964 2.080000
10.604118 -6.032635 2.440000
6.913002 10.534249 2.520000
7.740489 -4.186267 1.760000
-4.299150 -2.552902 1.000000
0.768328 0.921777 0.240000
10.593636 2.101162 2.160000
-12.350863 -4.657915 2.640000
3.534367 4.848531 1.200000
-3.005568 8.906546 1.880000
-1.000000 -1.000000 -1.000000
1.614197 11.083067 2.240000
6.326668 12.712721 2.840000
-1.647931 -3.200676 0.720000
1.218073 -11.938019 2.400000
-15.132953 5.782190 3.240000
-1.000000 -1.000000 -1.000000
-6.363956 -1.749305 1.320000
-0.421340 1.335093 0.280000
-1.557162 0.367760 0.320000
0.607156 -3.751181 0.760000
4.132553 0.749671 0.840000
13.798488 -0.204255 2.760000
-10.775329 -10.145555 2.960000
11.683258 7.713720 2.800000
-1.740846 -4.899944 1.040000
6.082593 -3.852540 1.440000
8.785884 1.951472 1.800000
-3.810867 -12.846684 2.680000
1.569705 -1.541436 0.440000
-14.682577 -7.306295 3.280000
-1.306431 -1.238240 0.360000
-6.247146 9.535888 2.280000
-3.139426 -6.031915 1.360000
3.013329 3.206220 0.880000
-7.287196 6.249542 1.920000
0.488306 12.790682 2.560000
-10.930115 7.037939 2.600000
1.320867 -5.235963 1.080000
8.138631 7.400182 2.200000
-7.866173 -2.315884 1.640000
-11.598658 0.176416 2.320000
3.703685 -1.510866 0.800000
2.370074 0.377824 0.480000
1.651521 2.008103 0.520000
0.465165 -1.945153 0.400000
12.263174 1.836996 2.480000
-9.638999 -1.769095 1.960000
-6.479123 12.860053 2.880000
-4.267784 2.196819 0.960000
-0.234347 -14.998169 3.000000
-4.204083 -7.272254 1.680000
2.076307 7.310879 1.520000
8.014609 13.383798 3.120000
-7.184260 -6.956034 2.000000
-0.791162 2.685901 0.560000
11.696099 -9.707794 3.040000
7.789814 -11.148040 2.720000
6.862757 2.768135 1.480000
4.853463 -2.793546 1.120000
0.076724 15.799814 3.160000

A graph with unknown solution, probably unexisting