90 nodes
180 edges
AaBg 20.915704 AaBl 22.889464 AaCh 24.333269 AaDf 20.314888 AbAd 22.716133 
AbAz 20.173768 AbBu 23.536988 AbBw 23.524014 AcAj 21.975383 AcBi 24.066157 
AcCd 20.028665 AcDa 21.516205 AcDd 24.370037 AeAg 24.466467 AeBk 22.225455 
AeCa 21.752151 AeCv 21.927708 AfAk 21.084461 AfAu 21.410888 AfBj 23.260578 
AfCf 20.096074 AfCq 21.728701 AgAk 24.281781 AgBk 22.120669 AgBt 21.589147 
AgBw 21.621135 AhAk 22.642821 AhBt 24.645374 AhCm 21.112525 AhCz 23.331638 
AhDb 20.772992 AhDd 20.533074 AiAy 22.277892 AjBc 21.921016 AjBz 22.060925 
AjCe 20.480675 AjCt 24.745340 AkBg 24.890355 AkDe 23.582595 AlBk 23.386839 
AlBz 20.831519 AlCd 23.357747 AlDh 23.689457 AmCm 22.278954 AnBt 20.762983 
AnCw 20.781450 AoAz 21.712255 AoCf 23.610427 ApBb 24.625563 ApBz 20.713048 
AqAr 23.997117 AqBr 22.487815 AqBw 21.869176 AqCm 20.189535 AqDc 23.818726 
ArBu 22.482285 ArBv 21.039601 ArCc 21.615443 AtAu 22.692226 AtBn 20.070659 
AtCw 22.890417 AtCz 21.243379 AuCy 22.868968 AvBm 21.614464 AvDi 20.709363 
AwAz 23.915727 AwBm 23.533978 AwBq 24.519003 AwCg 24.147650 AwCt 21.383018 
AwDi 20.188796 AxAy 21.171384 AxBc 24.962582 AxCf 20.436097 AxCj 21.801688 
AxCr 24.323263 AxDa 22.334373 AxDb 21.024651 AyBc 23.755458 AyBv 21.429717 
AyCj 21.499418 AzBh 24.487076 AzBp 22.683682 AzDk 20.978585 BaBb 20.029114 
BaCu 23.322856 BbBn 24.569864 BbBz 21.573406 BbCh 22.464094 BcBr 20.225325 
BcBs 24.181738 BcBv 20.541681 BcCm 23.394591 BcCs 21.452449 BcDb 24.128613 
BdCz 22.476724 BeCi 20.261533 BeCn 21.611376 BfBh 21.717483 BfBm 20.433111 
BfBt 20.073158 BfBu 24.507490 BfBz 23.131646 BfCg 20.378275 BgBj 23.478921 
BgBl 21.716922 BgBw 20.613631 BgCa 24.187842 BhCb 22.757230 BhDa 22.718418 
BkCd 23.600628 BkCo 23.482056 BkCy 21.207356 BkDb 24.165052 BkDg 21.496520 
BlBs 21.774979 BmBr 21.957086 BmBv 22.815878 BmDe 23.185755 BnBr 23.356918 
BnBz 20.224219 BnCi 23.313006 BnCv 22.051158 BoCo 22.372697 BoDj 21.300355 
BpCe 21.547707 BpCm 23.636547 BpDg 24.581573 BqCn 20.895324 BqDi 24.571876 
BrBu 24.646679 BrBy 23.397139 BrDg 21.878469 BsCj 24.610248 BsCs 20.188614 
BsCx 22.259866 BsCz 24.488824 BtDa 23.803712 BuBz 21.707401 BuCb 24.941836 
BuCm 23.395677 BuDl 22.805016 BvCt 24.765831 BvCu 24.443977 BvCv 22.693895 
BvDd 23.510248 BvDh 24.969406 BwCr 22.928391 BwDl 24.949854 BxCb 22.434304 
BxCq 21.594077 BxDd 22.916066 ByCx 20.261348 BzDj 22.460581 CaDi 24.049399 
CbCr 23.796630 CbCz 22.676083 CcCf 22.261698 CcCo 24.538524 CdCv 20.867550 
CeCk 21.418288 CfDi 24.527093 CgCi 20.470256 CgDc 22.701464 CiDj 23.345222 
CjCr 21.758507 CjDb 21.614886 CkCz 24.479512 CnCs 23.085292 CpCr 20.215520 
CpDi 23.150924 CqCy 23.570322 CrDf 24.719174 CtCv 22.066117 CtCx 23.589827 
CtDg 22.012227 CwDi 24.992439 CxDj 24.610524 DgDj 22.925394 DiDl 24.162159 

1.000000 0.000000 0.200000
3.425737 2.429882 0.840000
1.747191 -16.708900 3.360000
-8.414683 4.189643 1.880000
-4.799933 -0.025303 0.960000
-2.623416 -2.162796 0.680000
-0.602219 -3.549272 0.720000
2.350931 -2.985485 0.760000
6.691110 16.278484 3.520000
-9.902595 -6.041407 2.320000
-0.120833 -1.996347 0.400000
11.547543 7.915443 2.800000
-16.046930 -3.384675 3.280000
-13.309192 9.236093 3.240000
4.429080 -14.540401 3.040000
-2.569452 5.642510 1.240000
0.074497 4.399369 0.880000
1.772610 -9.841639 2.000000
-1.000000 -1.000000 -1.000000
-12.884246 1.730955 2.600000
0.733927 7.564480 1.520000
3.102561 10.344763 2.160000
-3.895899 10.286981 2.200000
4.502249 -5.360015 1.400000
-4.881245 -10.743065 2.360000
-9.094889 -3.072945 1.920000
-6.146284 1.784150 1.280000
-2.051272 2.189128 0.600000
-1.508676 -4.976334 1.040000
-8.970979 -9.683054 2.640000
-16.230440 7.782855 3.600000
1.227398 14.146855 2.840000
0.613449 1.031349 0.240000
-13.330999 5.953526 2.920000
-6.399410 -17.251306 3.680000
1.779573 -1.293492 0.440000
-2.168124 -7.908175 1.640000
-0.667310 1.230731 0.280000
-2.322529 8.902014 1.840000
-5.044246 -4.256241 1.320000
-17.366363 -5.445129 3.640000
-9.703691 -13.468421 3.320000
-9.005493 6.658910 2.240000
7.313369 -7.110178 2.040000
0.268361 2.787110 0.560000
2.160192 -8.117486 1.680000
-4.644408 -8.629570 1.960000
5.228903 -10.800860 2.400000
2.332861 0.563703 0.480000
-13.879340 -5.138473 2.960000
12.028058 3.014271 2.480000
0.589465 -6.774403 1.360000
1.709723 1.958787 0.520000
7.199553 -0.080224 1.440000
14.046204 -6.313806 3.080000
15.509608 1.676924 3.120000
14.110359 10.181246 3.480000
-5.924576 5.073401 1.560000
17.055444 -2.225271 3.440000
-1.495872 0.567774 0.320000
13.795649 0.346491 2.760000
3.057480 -4.451047 1.080000
-2.056192 -13.241302 2.680000
-1.000000 -1.000000 -1.000000
6.948520 -5.067354 1.720000
10.927600 -5.424717 2.440000
7.261898 14.032278 3.160000
4.607665 5.790460 1.480000
-7.688211 -2.211652 1.600000
-3.160993 -0.498117 0.640000
5.279751 -1.866610 1.120000
4.582491 11.737154 2.520000
7.954622 -11.031046 2.720000
8.500036 6.333197 2.120000
-11.398067 -0.209935 2.280000
5.601320 1.505062 1.160000
-3.881761 -14.489028 3.000000
2.517314 5.446387 1.200000
-6.734943 12.727943 2.880000
8.397320 2.631542 1.760000
10.346661 1.051953 2.080000
4.833405 7.591982 1.800000
3.989500 0.289643 0.800000
-1.415625 -1.111758 0.360000
-1.443430 15.934758 3.200000
-6.241290 16.669922 3.560000
-3.873841 -3.161227 1.000000
-7.486052 10.382631 2.560000
12.120178 -11.920625 3.400000
-3.503282 2.981110 0.920000

A graph with unknown solution, probably unexisting