../Results/sp150dv_r.txt
Graph file: /home/danav/develop/mc_graph/Problems/DrawGraph/sp150dv.txt

method: 0
iterations: 10
epsilon: 0.1 
vertices: 150
edges: 1200
total edge weight: 26577.9 
total error: 43685.4 
22032.8 14436 10917.4 9105.78 8229.37 7730.15 7415.7 7111.98 6883.57 6694.17 
layout:
42.4381 45.0559 46.5079 46.858 42.4987 54.0273 47.9341 13.7934 51.1114 37.344 36.6375 40.1789 60.1679 27.177 66.8794 39.3051 42.0248 44.4182 48.9129 43.0179 44.8197 48.7449 31.4995 46.2569 46.1424 23.0453 38.6797 48.7825 51.0306 43.7135 40.7152 57.5197 39.9641 36.5607 35.6452 64.6768 37.7393 55.6046 65.9571 48.3242 40.7283 44.9647 27.6016 24.0348 30.7489 53.7713 34.834 43.7484 61.5544 45.23 46.9645 43.4257 51.0897 51.2659 57.3484 29.5326 37.6132 60.8502 54.4038 55.1076 39.3793 34.9962 43.0983 45.6697 21.9642 44.5634 43.6192 39.7421 42.6368 49.469 48.097 44.1431 58.5457 32.2511 60.9316 38.7545 35.3652 37.2499 40.9478 44.602 32.9337 58.5195 62.2335 58.2376 55.1815 58.5873 42.2585 35.1059 33.6827 31.6939 67.2853 41.8509 49.4086 43.2256 41.6973 42.34 50.6018 56.416 44.62 48.6338 40.3247 38.2559 42.0919 40.9717 47.2914 62.1045 29.4764 23.8768 38.3844 27.7017 44.0028 25.4111 49.4251 27.0677 37.2787 49.7577 42.1422 38.9484 46.0368 50.1102 49.2691 39.9633 48.2414 48.0056 37.4493 47.8576 31.1014 40.5914 44.9929 62.5057 50.7688 57.665 46.9004 44.962 45.2115 46.6996 42.8746 44.3856 43.3956 47.5505 22.3137 35.9155 42.6218 54.3831 44.6702 31.3605 42.7149 31.9514 51.2108 50.5952 48.2622 47.1441 47.9982 36.4833 42.5958 43.4357 31.8685 38.9902 37.1427 37.1111 35.2341 56.5443 44.0545 45.4707 50.2526 41.645 41.3729 42.8644 52.2822 51.7395 26.2331 47.0032 49.0647 55.0382 42.2547 51.9459 48.2898 52.5428 61.6184 42.0828 22.8915 25.3922 51.2616 53.1762 38.3434 41.9407 37.3655 44.3071 55.2973 41.1314 41.6462 49.3257 57.0445 55.3261 48.0555 37.5284 47.4194 27.8319 21.076 61.416 52.5743 23.9987 39.8279 59.1157 47.0157 42.5196 64.6446 45.8855 40.3901 46.9854 46.346 42.4277 48.0305 55.6726 60.0546 49.3815 46.2262 52.3009 62.4276 42.7504 48.2672 55.9306 48.558 50.0954 44.7637 45.6572 61.1306 66.1877 39.1359 49.2711 50.0636 44.9334 41.9724 45.8682 22.4773 63.7448 54.8895 60.8584 53.1515 62.1971 45.8807 38.1804 48.4685 46.9855 42.1658 39.6066 35.3216 49.0894 19.8217 47.1718 57.7864 33.49 43.5249 41.5543 47.2679 27.0259 60.2937 61.1984 55.0246 48.2534 64.6874 42.0637 47.4155 36.1487 42.4118 48.6287 28.6439 56.0538 30.9349 57.4694 35.3426 42.5296 36.3607 33.3704 58.5484 41.6634 45.8538 41.2327 45.7481 40.2649 45.5112 44.9509 65.5052 52.3007 50.9903 40.6933 41.3875 48.9092 51.8406 29.1276 42.3044 37.5713 43.6921 46.4225 56.5642 26.149 29.6226 45.3643 45.9596 43.7817 46.2786 56.4308 37.1715 56.0365 30.3114 68.8822 51.5351 65.942 59.2443 55.2369 29.9887 47.8208 20.7504 29.4753 47.0485 40.9375 45.9187 43.6367 45.6803 51.1978 52.2969 51.4111 49.3242 51.6912 42.018 12.4782 48.3446 49.6643 51.5741 52.9744 46.5959 50.8404 41.1586 40.6278 37.2747 50.5922 40.3157 47.7476 45.1363 38.961 40.6722 49.8334 50.0643 47.9938 27.1892 41.4203 51.5867 34.082 51.9472 42.3771 46.0979 37.0497 75.4697 51.1762 15.5981 64.4595 49.0875 48.4619 44.9827 29.9076 36.0587 45.326 31.9239 37.1011 50.6331 52.9178 59.2453 59.3589 35.0211 39.1102 53.6921 52.8292 30.098 48.6119 49.0122 37.8872 51.8692 45.9566 46.246 46.2497 46.9467 50.0223 37.0038 47.731 44.2488 51.0823 37.5936 35.1059 31.639 49.2847 28.6313 37.7226 50.5875 42.0011 29.6495 37.1515 50.6452 42.0588 34.9433 26.2832 55.5192 33.2756 54.7563 56.0902 59.6 29.2553 58.4902 45.2152 48.881 47.2913 41.801 43.9915 20.5748 27.2446 45.416 41.841 52.7432 35.5012 37.5999 66.1515 52.6065 65.25 37.9363 61.872 43.4422 50.3579 33.4624 34.5275 46.2351 35.7805 20.407 47.2175 62.1262 53.9843 42.5084 36.2252 40.1404 46.919 71.0742 45.4904 40.6571 21.4138 24.5535 34.3762 38.5002 42.1241 42.8406 43.9834 48.9533 43.0543 

Total time: 1.270625

Graph file: /home/danav/develop/mc_graph/Problems/DrawGraph/sp150dv.txt

method: 1
iterations: 10
epsilon: 0.1 
vertices: 150
edges: 1200
total edge weight: 26577.9 
total error: 43685.4 
21238.2 13549.9 10645.3 9208.16 8524.61 8173.72 7928 7678.96 7520.78 7240.2 
layout:
44.4007 44.5853 44.145 50.3224 42.9188 50.1943 45.4467 13.8791 53.9767 36.6067 31.1281 37.4 64.6356 23.5245 62.0317 39.6123 41.7236 46.948 52.2048 50.2488 44.3223 46.7962 31.1699 42.0674 51.4819 28.3462 36.7039 41.8154 52.2125 40.0868 49.1091 43.3842 27.423 25.0655 34.0817 62.8284 27.5538 56.5066 33.2821 52.0075 42.618 42.5387 31.596 22.3692 29.4608 59.9064 40.965 42.8359 61.0639 46.2028 43.6168 32.2246 45.8272 42.6226 59.8948 30.4675 43.3952 63.6082 52.9245 49.1183 43.2839 38.0582 45.9752 48.0742 17.6226 37.7426 44.7536 43.4067 43.559 49.6345 37.3341 46.6951 60.1536 31.2632 42.6633 39.1088 44.6832 40.0764 41.0313 40.9379 41.1154 58.0427 59.0623 60.3219 34.1393 28.1205 39.4638 36.2744 29.7072 31.432 54.6971 41.6727 69.4512 42.9119 42.3166 43.6056 51.459 54.8308 49.4365 57.0115 37.8543 41.8908 43.1352 42.9463 46.8139 38.4019 22.3945 15.3906 33.3155 24.6143 42.5846 33.9335 47.7496 25.4157 42.0504 46.1717 38.753 43.7808 51.9463 43.6723 51.9436 40.9011 46.0815 47.879 38.1603 55.3276 44.0698 38.5821 46.3894 63.3608 47.6036 59.6197 47.814 43.6446 45.3715 45.4023 43.1605 46.0373 52.5813 52.2114 22.8649 35.2472 52.3806 52.8047 45.6213 33.8994 46.8318 45.7976 51.8613 47.2094 42.2353 43.1738 45.9897 42.2267 40.7306 43.2634 35.0129 46.1774 45.9816 37.2601 37.6764 59.8094 44.8487 44.2117 46.9242 45.1209 41.5673 42.679 47.1275 51.5675 18.4312 49.4132 42.6783 59.633 41.6645 50.2 43.4234 50.1611 63.3901 50.2919 26.9587 26.5474 56.5277 54.0695 42.086 43.4927 41.5014 45.4846 43.3169 39.8625 42.5152 46.1334 60.4821 39.7614 40.6445 52.1974 42.4245 29.4365 29.7545 61.6995 64.508 24.8423 41.9363 51.7172 39.0448 46.7876 59.0689 46.5499 40.8568 44.5065 40.0347 42.6449 49.1435 57.1553 62.1779 53.3403 50.3976 51.3475 58.2765 46.9078 46.9052 57.7173 48.2301 51.1794 42.5959 43.3288 67.4367 63.7766 40.2137 44.0372 47.859 48.1289 46.3736 44.1874 22.4358 57.0599 57.3251 63.6636 46.9115 61.4147 38.603 39.1784 42.1 53.4076 46.4747 36.0198 25.1023 44.1279 26.8847 45.6527 57.8489 28.9135 46.3952 41.3175 44.7802 24.405 57.0808 63.5061 39.4083 54.0064 65.0584 41.7684 46.4212 37.1997 50.5462 41.5502 30.6445 62.3412 24.1355 58.8313 40.3664 42.3492 35.2835 41.2909 47.3931 50.9966 47.3942 40.3487 45.0247 44.3247 44.0286 40.8668 57.681 51.7482 31.5742 41.2815 44.1803 47.2091 41.3675 25.7648 55.6448 39.5831 37.8484 50.3443 56.8368 24.7802 26.7185 43.4476 46.1907 42.6787 37.8315 51.4051 38.8563 43.2465 25.4526 70.6137 61.2921 60.2473 53.2907 55.322 35.8002 56.8074 30.6775 33.5777 20.8115 36.2874 42.7213 47.7409 49.4406 54.6783 48.7043 52.5723 45.8369 48.8263 46.4018 12.2152 48.718 40.1329 48.0889 53.619 46.2468 48.4573 41.4339 41.9008 37.8358 46.328 44.0462 49.8191 40.3798 41.6927 40.5699 51.6404 47.2727 40.9992 24.2138 43.8554 49.5692 27.4492 52.8103 35.0267 49.9461 40.9526 69.7123 49.9695 26.2472 63.6683 65.441 46.0168 32.9411 33.2674 38.3878 40.8633 33.787 39.5904 52.4344 50.8271 53.3487 56.6269 43.8183 41.2682 56.6721 48.0906 25.7313 48.6848 48.8455 37.4254 51.1282 44.511 46.912 49.154 43.907 45.9015 33.593 51.9986 49.6726 50.2714 37.7443 30.6895 36.6263 44.7488 26.7631 49.5479 54.3671 45.8373 26.2545 37.7176 58.0261 39.1635 46.237 23.9495 45.9878 33.1697 53.7552 55.1978 61.614 33.4984 60.3957 44.5916 50.6628 47.8093 38.3664 40.2192 12.4411 44.636 49.4508 45.9481 50.0397 39.2147 41.8534 63.3762 52.0401 60.5692 32.3587 52.9157 38.732 53.0657 34.3207 34.3158 42.2981 35.3776 27.4003 46.2533 62.4887 55.5963 43.4957 41.1363 42.793 51.8355 71.1598 43.0177 36.3265 25.6686 15.6164 37.1141 38.7187 41.0182 41.5917 41.3614 48.3624 56.2307 

Total time: 1.260848

Graph file: /home/danav/develop/mc_graph/Problems/DrawGraph/sp150dv.txt

method: 2
iterations: 10
epsilon: 0.1 
vertices: 150
edges: 1200
total edge weight: 26577.9 
total error: 44171.9 
123530 370563 1.15413e+06 3.71051e+06 1.22541e+07 4.13638e+07 1.42113e+08 4.95273e+08 1.74614e+09 6.21497e+09 

total tension vector norm: 1.7787e+07 
layout:
-333251 -237049 -2.32008e+06 -737984 711260 575090 -370709 -530514 -118939 92626.2 161519 805694 751305 77939.3 -476860 1.62576e+06 -1.01004e+06 -342228 -208773 -761579 -764885 6.0275e+06 -5.90181e+06 -3.53406e+06 -94355.9 -560994 1.76376e+06 1.26657e+06 643353 -986964 2.52264e+06 371756 704290 -12557.1 -616089 -719526 -2.32494e+06 1.85377e+06 924452 511639 -2.78025e+06 -4.10401e+06 -799175 -398789 206700 -879943 -1.61588e+06 1.09398e+06 -45447.2 731952 -4.55345e+06 565642 -810733 489539 2.07123e+06 1.14795e+06 -3.55726e+06 -998339 769966 -90391.2 -296095 -361187 -973276 -399846 380090 553200 -6.83439e+06 9.36612e+06 1.88291e+07 -1.06069e+06 73074.8 1.10864e+06 -122730 -271588 -476717 -2.69261e+06 -247405 261716 -412408 5.15774e+06 248135 -132503 1.47988e+06 631467 86765.9 -53351 -10834.7 450059 346668 2.66846e+06 -513637 -178823 -464943 -1.62012e+06 -997129 -339206 153560 -228703 6063.1 925865 3.93434e+06 1.82199e+06 1.06698e+06 -2.88642e+06 1.04024e+06 576960 693428 -675963 653829 118113 614054 -2.1268e+06 -60354.5 2.1159e+06 11196.8 -155390 -139200 254942 -719222 -3.78241e+06 -541027 37872.4 -3.20109e+06 1.27369e+06 573162 -3.65542e+06 3.41209e+06 3.0777e+06 -6.5263e+06 -129740 304741 890907 430313 -391148 156518 1.44882e+06 -439942 -1.81524e+06 -1.24578e+06 -344775 -59161.7 371511 -357384 -1.47083e+06 -465567 -398322 270540 370279 -786906 -1.97128e+06 197543 -21513.7 -478411 -1.87894e+06 -96220.9 578604 -1.50884e+06 760179 2.5188e+06 228393 455418 621216 -2.33883e+06 2.6507e+06 3.97222e+06 62506.9 -89404.6 61895.7 -4.75576e+06 12856.9 5.63216e+06 -736714 1.27203e+06 896081 2.66478e+06 844773 314896 605411 -209528 941124 59642.8 -378221 -677629 910201 -1.2155e+06 -1.63338e+06 -2.11894e+06 -366754 542180 1.52906e+06 -536776 -2.90933e+06 247864 189624 -1.47255e+06 486470 -1.47591e+06 -923510 -2.12861e+06 -275172 937268 634075 -975340 -1.44734e+06 1.77837e+06 1.22464e+06 -642750 1.77361e+06 -786659 2.92987e+06 -3.83636e+06 1.15325e+06 2.562e+06 256145 626496 305480 -2.81697e+06 -3.11011e+06 -1.42514e+06 735043 950037 946000 1.08812e+06 -1.06166e+06 -811351 -16797.6 250690 695751 36555.7 -35663.5 -192277 1.65536e+06 -788542 -923452 -396703 -95757.1 64621.8 309218 -117586 782649 -2.01917e+06 -5.32512e+06 -9.59572e+06 -330456 -1.17026e+06 -2.3516e+06 1.14132e+06 270231 -517040 1923 244869 -35483.9 3.37018e+06 106898 -6.46726e+06 -825256 -132607 829303 -595253 383166 1.81017e+06 -19842.1 -309433 -1.42909e+06 -613864 558609 1.11496e+06 43946.5 450213 227650 -190958 609603 1.16845e+06 919170 511608 -303228 1.76712e+06 -314297 1.14116e+06 3.87702e+06 -2.6178e+06 -3.856e+06 -114985 1.25446e+06 319842 6.39796e+06 5.45385e+06 6.51084e+06 1.66174e+06 -182934 473200 2.9989e+06 -937085 -6.82071e+06 -1.81685e+06 1.44112e+06 5.86785e+06 436991 274688 1.5051e+06 655060 162312 703842 713222 -406614 -651489 -170828 -347695 846882 103808 -312606 -290659 -936010 1.33977e+06 399518 -248904 -141863 -1.93703e+06 444766 -4.22987e+06 -202086 -1.17794e+06 -100412 -3.57689e+06 206316 -1.53144e+06 466355 429443 198684 1.72723e+06 -102288 336037 789771 638610 -631947 -1.95236e+06 -1.82016e+06 -1.04737e+06 -1.87943e+06 487530 2.91989e+06 -870508 -673180 -2.74477e+06 4.87466e+06 537684 -1.77483e+06 1.46672e+06 -796921 1.75174e+06 1.47229e+06 988129 2.15577e+06 290129 266227 300830 -2.26079e+06 -165824 -434274 -1.32713e+06 -1.47425e+06 1.88416e+06 8.95204e+06 -1.9416e+06 -1.65864e+06 2.22072e+06 -1.82654e+06 -1.10683e+06 -382282 -119470 671845 1.09671e+06 343024 158480 -47621.5 -4.8011e+06 -4.73362e+06 -844654 4.87365e+06 -1.08165e+06 -7.02144e+06 2.2077e+06 946957 -3.12973e+06 -1.87806e+06 1.02313e+06 2.74376e+06 -584937 -411418 545290 -4.09694e+06 1.6071e+06 391658 -69978.1 514767 -379530 -2.25055e+06 77746.9 2.70452e+06 -134659 -73906.2 471543 2.78501e+06 -281094 2.43517e+06 -537668 -83198.7 668807 502743 -2.64665e+06 4.19856e+06 -658623 215777 -646091 -143022 -1.04641e+06 -3.40089e+06 290859 42139.4 -62744 -333011 211555 880578 -868902 -814231 -365241 -746710 101612 772303 -401830 61814.6 1.48855e+06 -178327 -699765 625612 1.64595e+06 3.39095e+06 -3.27709e+06 46702.9 -14389.9 -1.61888e+06 20017.6 -401034 514944 281782 828832 526187 339906 625901 -151855 

Total time: 2.138780

Graph file: /home/danav/develop/mc_graph/Problems/DrawGraph/sp150dv.txt

method: 3
iterations: 10
epsilon: 0.1 
vertices: 150
edges: 1200
total edge weight: 26577.9 
total error: 42438.2 
122081 372874 1.17305e+06 3.78846e+06 1.2514e+07 4.20882e+07 1.43631e+08 4.9611e+08 1.73125e+09 6.09412e+09 

total tension vector norm: 3.55067e+07 
layout:
-3.91679e+06 1.86653e+06 2.69177e+06 1.59009e+06 -1.92747e+06 -1.71728e+06 875899 -1.6833e+06 -1.37054e+06 290514 -464568 893103 -201344 728010 288122 -1.63705e+06 590807 -1.03044e+06 -1.09791e+06 -136281 -2.15047e+06 1.48964e+06 3.65295e+06 6.58882e+06 868364 -470605 25074 -384296 570317 1.68568e+06 -860126 1.44137e+06 4.21957e+06 -182622 260875 1.2958e+06 1.44788e+06 -1.60322e+06 -161642 -2.63868e+06 2.44777e+06 747971 -138997 791046 -661472 1.05046e+06 -1.01613e+06 -385542 1.70829e+06 2.90406e+06 3.18387e+06 -414923 -1.08887e+06 -1.77412e+06 -2.85723e+06 3.47534e+06 4.56584e+06 86542 472786 261373 -207833 -143535 -1.41042e+06 454337 366197 1.81043e+06 1.57149e+07 -6.1268e+06 1.71929e+07 -408958 1.32604e+06 891968 -214041 84834.5 -1.03853e+06 -1.91611e+06 923651 3.28776e+06 3.81451e+06 -3.36937e+06 560634 -249380 -1.12304e+06 -1.63315e+06 -32536.8 -254497 -256882 983601 -2.2017e+06 128078 -291895 77133.5 -560080 -1.3558e+06 -11346.5 -2.51015e+06 -73009 -247021 -282543 -1.13906e+06 -1.15842e+06 307598 3.09737e+06 342602 -1.54912e+06 -245716 -32619 -124768 768579 -1.0706e+06 -669366 1.95661e+06 -1.66157e+06 888476 -964619 156755 526478 983163 -213655 1.09389e+06 -1.84937e+06 46396.6 -3.74277e+06 768856 640620 1.36788e+06 -5.7756e+06 6.68017e+06 -8339.31 269137 -338582 -373911 931102 -237980 -106805 -5.2459e+06 3.68579e+06 -7.50701e+06 -1.00729e+06 94788.2 1.68183e+06 -259055 68871.1 81573.4 -1.19159e+06 935984 -45250.6 -573944 3.07554e+06 2.70968e+06 544247 -284261 -261092 -1.03749e+06 172104 -759112 -77081.9 -2.64174e+06 -2.31804e+06 292173 -144027 -553599 2.1148e+06 -831766 -2.16649e+06 1.88773e+06 -863497 -893507 3.72298e+06 -6.7351e+06 -3.36346e+06 1.28422e+06 -1.77621e+06 44658.8 532555 1.97468e+06 3.42534e+06 3.17648e+06 569749 -757350 -845113 1.7881e+06 320749 -787788 286070 -1.151e+06 -247254 908193 -2.53806e+06 -868850 1.79481e+06 -1.00894e+06 276074 425944 -429036 -658588 115501 -1.14234e+06 1.3972e+06 -206775 -1.68002e+06 436713 125483 -569527 1.34813e+06 -966898 433354 1.4937e+06 -2.66515e+06 -3.19876e+06 -3.07772e+06 714304 1.23455e+06 -394135 -325834 129017 -1.80695e+06 1.10534e+06 -1.19907e+06 453757 -341944 -1.57341e+06 -188652 -308000 -635563 224957 -313545 -223204 -5769.74 -239469 -517122 -2.5332e+06 862474 -836100 80089.1 -444529 -423358 114839 -113455 -1.11813e+06 -680385 -1.79298e+06 -1.1692e+07 -1.44576e+06 902803 -3.03615e+06 -40473 -685551 266479 -405115 585424 520760 -2.12159e+06 -1.17629e+06 -1.06762e+06 439601 50026.6 1.47801e+06 1.20527e+06 -1.36665e+06 -1.32373e+06 -1.26289e+06 199546 -437893 451472 -121518 870906 -273461 194863 -637395 -328031 191002 -378565 -673689 391904 508544 662529 540453 -525972 -571187 1.44251e+06 -1.41967e+06 -839175 638191 -328394 6.55991e+06 -5.80345e+06 5.84826e+06 917522 -1.17509e+06 608022 -2.60632e+06 2.45135e+06 617212 2.33162e+06 -873799 2.18516e+06 602104 -472915 603534 9190.1 -217981 -294445 -279583 393656 368879 705679 -513602 177754 -47055.1 -504468 -355138 1.45797e+06 -35953.3 -1.61222e+06 -3.05493e+06 567175 -4.91308e+06 -442259 4.9328e+06 1.70308e+06 -4.43582e+06 -3.21526e+06 -1.01648e+06 2.45455e+06 -1.98196e+06 -1.59881e+06 -215425 -226557 1.58559e+06 486772 -1.08118e+06 -280142 -1.22374e+06 1.27847e+06 -170493 -1.28106e+06 2.7686e+06 389531 3.09719e+06 -3.57285e+06 5.50114e+06 -1.83263e+06 -3.07871e+06 -3.94099e+06 764416 -1.05903e+06 -665608 1.55113e+06 -274767 -916921 1.0375e+06 -344538 1.22815e+06 -1.97405e+06 2.13761e+06 2.15038e+06 -1.1678e+06 537045 553469 -2.63528e+06 389636 1.56381e+06 479775 -339732 -1.00772e+06 413782 -881383 311792 459873 -262056 928733 1.09848e+06 -880786 853704 1.48452e+06 928137 2.50244e+06 -3.03924e+06 6.50573e+06 -1.04911e+06 30479.6 128583 1.66579e+06 -761682 -601096 -589893 49105 -171530 -639065 -1.35762e+06 2.36376e+06 1.32062e+06 29370.2 191651 805910 -895940 -726278 830154 263068 158036 246626 3.08047e+06 -5.43406e+06 -4.43964e+06 1.56501e+06 -1.28281e+06 778474 -592990 -4.00393e+06 3.29008e+06 19936.8 305610 1.91322e+06 -1.84394e+06 2.29979e+06 -2.81779e+06 -163716 384654 549691 -351278 234432 256073 -495588 334406 -896842 579928 -604535 668343 946127 37227.8 118180 -781070 1.25971e+06 -508812 -888515 2.58917e+06 -1.4288e+06 -1.70082e+06 2.36897e+06 363857 -905884 606086 63231.7 -444467 1.24233e+06 -736491 162334 -528593 359522 

Total time: 2.785052


../Results/sp200dv_r.txt
Graph file: /home/danav/develop/mc_graph/Problems/DrawGraph/sp200dv.txt

method: 0
iterations: 10
epsilon: 0.1 
vertices: 200
edges: 1500
total edge weight: 44116.9 
total error: 77574.3 
39592.3 24355.6 17745.2 15087.6 13436.7 12539.3 11672.4 10986.3 10476 10066.7 
layout:
58.365 53.4035 58.4692 55.9138 69.3954 50.9292 54.7332 56.3334 48.8759 35.4173 42.3084 73.9883 25.9252 55.7207 37.8196 55.4128 54.1669 59.5327 55.9084 54.4017 58.2942 29.048 61.7059 76.124 63.7828 42.6942 56.6939 66.6086 53.6233 58.6116 36.2485 57.6824 44.4121 59.6767 51.5577 55.5376 58.0921 42.0373 51.7533 58.8732 49.7196 60.6553 62.5768 60.7451 74.9016 77.3459 30.2272 53.7479 54.3651 61.2041 62.982 70.125 56.3745 66.9453 37.4492 37.6155 76.1825 69.4416 60.9082 59.9091 55.5295 45.9554 60.4619 57.2535 55.8221 64.2668 45.025 44.8459 52.8812 59.6889 57.8471 58.7457 52.3854 46.517 32.0411 63.0967 56.8494 67.8139 70.8122 71.5414 30.6538 75.9183 38.6869 35.221 76.6547 63.1199 62.2514 26.7015 57.8835 59.2049 72.6872 70.6387 67.6961 56.234 63.5991 69.3275 64.0873 60.3665 74.8745 72.1786 62.8512 51.0614 62.5333 61.8027 65.2766 43.8976 33.1622 35.8911 65.7652 43.7439 67.6527 56.2723 63.7255 66.5242 56.8908 17.0205 65.8059 59.5553 52.3024 58.7455 53.6052 28.7444 50.9937 31.0932 35.6754 94.3303 42.0161 48.7008 42.8724 32.8214 42.1903 85.6952 74.2492 39.788 45.1811 45.312 52.6904 58.8248 55.802 50.1084 52.5312 41.1321 32.0248 40.6144 78.4243 70.8007 37.9702 53.4411 52.2152 73.5203 76.2235 85.9516 100.433 95.9144 59.9864 60.5192 50.9864 53.4843 38.3526 60.8817 64.8431 46.3162 52.7134 54.548 66.9518 48.3238 46.231 45.4162 60.084 52.4482 54.0707 53.6137 40.0223 57.7329 56.4138 59.4777 50.9597 58.6234 30.3081 59.012 36.3615 54.8013 75.0842 61.9655 53.4135 61.6085 60.9657 64.2761 57.4618 64.0766 46.9009 81.9428 57.4201 49.3922 63.2193 64.5859 57.1898 74.912 47.2463 91.5572 52.4301 50.6617 48.6689 66.0211 66.5734 62.1524 37.842 40.9883 45.8943 75.0951 39.9235 68.8681 35.3911 56.8033 62.9243 40.0448 48.7284 35.2102 79.2029 58.2418 51.4303 57.838 55.0229 64.1412 76.02 60.392 40.7443 37.3486 33.1462 68.2538 28.7303 62.9459 46.843 56.9649 58.8064 56.5845 62.1637 83.0152 56.8994 46.9104 65.4693 35.4649 74.6016 66.331 48.1687 51.4578 59.0077 55.7914 59.8695 51.1312 47.7744 67.0756 55.69 51.6471 57.0055 51.7625 62.3632 49.0009 81.227 51.1508 81.2589 46.0837 67.5004 65.9115 57.9279 51.6853 61.4233 53.9535 66.3204 77.6216 71.5256 40.6752 46.5307 54.6729 58.6817 60.633 75.6732 62.3503 78.845 63.7622 50.4792 67.2296 46.061 45.2552 54.1687 46.8316 55.9125 58.4913 52.8344 56.7579 50.8215 81.5398 70.903 77.5014 70.9845 58.3069 57.932 45.5031 34.0616 56.4958 59.0791 57.4037 61.4043 35.6569 56.5321 46.2473 56.5099 37.3396 82.4431 45.8857 84.3487 64.2368 49.5105 53.3379 59.0186 62.3435 47.763 71.1108 76.8544 69.731 61.7152 82.8206 60.3661 81.3605 33.69 86.2277 62.5497 52.3417 50.6177 61.3257 78.5792 55.0916 67.5755 33.6617 73.0819 65.5686 46.6914 96.1255 56.5082 85.1332 60.9289 72.7712 39.3807 76.6625 70.2278 58.8203 63.9008 62.2028 37.4058 37.5738 49.872 49.3894 59.3059 57.421 56.3763 58.9077 56.7751 61.6574 59.4962 29.7243 58.7765 72.9766 79.8026 50.2358 59.3171 48.6316 39.6996 52.8317 67.03 50.5068 42.204 44.295 70.0107 51.7763 59.4689 68.1673 74.8729 78.7017 57.0655 57.5626 37.687 55.4737 58.9384 61.3418 30.4702 80.6888 53.7876 56.4908 83.7229 80.8017 68.1132 57.9155 52.7825 36.1137 60.4093 34.4523 43.5784 36.7661 36.1649 41.9241 73.4308 42.8999 41.1163 38.1097 49.8413 56.5023 58.0099 61.9049 63.6746 68.4526 75.0976 56.4836 50.755 48.0228 61.4986 47.5904 59.657 58.3995 72.0787 62.4637 57.7928 46.5207 54.6356 29.9259 86.1745 62.6075 57.7715 52.1786 60.0145 68.5171 55.7941 81.4247 48.5378 53.746 55.8344 73.3723 35.9974 69.8181 45.0146 32.3426 88.7274 48.6945 73.1663 50.8784 62.2916 61.581 42.2392 61.1655 55.7188 63.3584 53.514 36.1422 57.6442 59.6443 65.648 38.8064 47.8457 59.8463 69.6618 64.1525 56.1791 57.144 85.4233 55.1217 28.4054 38.6959 64.9426 54.8672 42.8986 49.5137 62.7848 65.4172 46.8933 60.3736 47.6063 51.7292 68.954 47.6744 43.7432 55.0328 33.7242 70.9371 45.5626 56.2138 66.5259 65.8418 35.4691 86.1918 30.2416 31.3047 68.9845 33.5405 51.0159 53.3312 43.6653 69.9905 24.0603 73.6723 24.026 77.322 44.8959 67.6328 56.1779 49.1144 76.0072 56.787 78.1203 39.4221 42.2117 62.4758 33.8243 73.6605 53.374 81.1034 75.5141 37.04 58.8351 22.1878 47.8998 98.8505 58.4927 39.7388 79.1458 45.2126 31.257 78.6482 67.6677 51.4346 39.7245 64.9419 26.816 62.6776 49.8029 57.1337 51.6009 60.6076 65.416 53.9285 62.2575 60.5032 66.4605 84.155 54.768 77.4864 54.2833 50.4435 33.9049 43.5267 47.0282 58.0136 58.3562 57.4343 60.0875 57.497 57.6932 34.3074 44.4223 70.3341 40.3426 72.1871 63.9879 46.7018 61.3915 60.5202 66.1491 57.7103 61.8368 76.7935 35.5316 51.8238 44.6693 49.3613 67.7391 66.946 46.1142 45.9561 81.9948 59.4166 75.2394 95.2856 65.3324 63.5309 76.5922 50.1416 55.3628 71.2059 60.1407 47.4839 50.3233 54.3904 65.6155 63.9924 41.3645 70.2629 79.6045 32.2922 43.3957 53.5103 53.7149 67.562 

Total time: 2.581312

Graph file: /home/danav/develop/mc_graph/Problems/DrawGraph/sp200dv.txt

method: 1
iterations: 10
epsilon: 0.1 
vertices: 200
edges: 1500
total edge weight: 44116.9 
total error: 74214.7 
38045.5 24165.2 19133.6 16356.2 14830.6 13855.2 13122.2 12586.2 11986.9 11595.8 
layout:
50.4324 55.3288 55.033 48.3725 68.1024 43.8877 55.7415 37.0456 69.3466 73.5401 62.9397 64.7367 51.5226 23.0168 40.5074 53.1696 54.0647 54.8323 48.272 55.8333 53.265 31.013 43.1753 65.3556 50.7242 50.6907 60.6734 47.6628 52.7628 61.6218 48.4256 76.5208 77.6991 50.3762 57.4488 55.7988 41.7813 44.4795 50.396 47.6378 53.9751 49.8394 59.3432 68.9054 39.6847 64.9334 62.4242 31.4465 52.9699 55.1808 60.4933 59.6649 59.7027 45.6997 63.177 64.6785 20.1577 44.1853 55.1447 60.6505 48.8119 63.0967 54.4033 49.7558 48.8564 46.6488 57.9682 75.1773 59.35 62.0914 51.9853 54.2127 71.4731 63.854 30.8726 52.2892 56.1174 68.489 31.6242 37.0591 72.548 63.3483 66.0873 34.2998 46.1221 61.4253 33.6152 49.4113 29.9157 56.9328 64.1831 27.2596 54.1096 40.765 50.566 49.0328 46.1842 48.5296 75.6843 46.1028 63.1958 68.912 50.4574 64.2337 60.0665 38.925 88.861 51.4097 51.1794 67.8196 67.5104 45.6344 63.8167 56.3748 20.5022 68.5724 44.8847 46.5541 53.4644 53.4134 69.7579 67.5869 53.8081 37.2927 63.0905 92.5349 46.5829 78.4203 48.0146 93.1762 55.0051 40.3804 30.546 48.0574 76.2579 33.1907 61.1385 62.7057 45.0208 48.9758 58.5723 23.6148 42.53 53.5322 74.0148 58.6201 57.3582 53.6667 70.8567 54.5668 26.2187 79.5297 22.3188 66.5758 80.0123 66.6664 48.759 31.0589 63.7118 36.293 71.5711 66.5583 49.1664 42.5517 46.9623 38.1812 56.7728 55.1426 47.9045 57.3564 56.1087 65.1688 48.9434 54.4608 65.8894 63.9566 57.6651 30.9943 26.4717 28.032 56.9083 55.1209 83.8311 52.0737 53.3413 51.3097 44.6179 65.6863 60.8943 50.1905 56.3668 78.5636 49.2214 54.5948 57.9686 48.3051 43.9339 53.6279 59.4116 50.2939 89.497 55.9983 71.2039 55.8329 68.9722 58.3357 46.9894 28.7922 72.4953 51.9239 18.4251 57.72 21.7755 58.191 59.1638 79.8816 63.1025 74.7871 74.0381 52.4003 58.0518 55.4372 25.6222 65.2488 63.7851 32.7989 67.4646 32.995 58.7399 73.7576 20.3995 50.826 59.957 46.538 60.0157 53.7347 46.7967 71.1443 47.3527 52.3039 44.9515 36.4104 70.0022 46.9649 61.0408 47.9638 55.758 50.4258 53.2085 42.9031 53.6914 47.9929 45.9754 50.6808 54.3379 62.7832 56.1335 57.9341 71.2257 68.3906 42.5722 74.2084 53.075 64.3657 51.3891 59.3967 52.5235 69.3101 58.1573 68.8591 64.6269 60.297 58.6949 46.9222 51.0363 50.6497 60.7732 68.9897 32.2494 53.702 63.5815 50.3622 34.3093 55.7919 57.0761 54.6785 59.7892 58.3206 48.6515 54.7825 41.0162 64.3908 27.1454 62.2921 41.6986 63.0951 65.9522 44.9041 39.4306 64.7133 48.813 55.702 55.998 53.7072 29.5468 75.6019 69.1953 45.0379 43.1743 54.5846 70.8358 30.5467 41.4839 62.9777 64.4839 55.3013 53.9925 55.9993 41.2476 56.9243 64.4165 32.2922 35.3173 57.1661 38.9242 39.2167 89.4364 46.9786 52.2922 41.7519 42.6398 54.8704 73.7645 77.1922 68.8098 33.9558 48.0008 28.9927 63.9653 70.2292 75.8102 50.2657 83.3075 36.8058 60.7798 64.2357 44.1519 56.0305 50.1185 35.0064 53.7403 42.0882 39.3932 51.1432 48.7431 48.609 58.9579 74.0003 71.8387 58.5854 49.7985 52.0917 25.8382 48.0448 62.25 64.6018 47.8302 44.9225 40.2097 51.7098 82.7858 53.0524 46.5753 51.5413 55.7805 29.2083 15.8786 74.1421 47.2976 59.263 31.5026 47.0277 63.1596 51.2631 72.2605 37.2733 68.5662 67.8533 78.1262 73.2904 49.4751 51.7557 61.0139 61.0417 32.0021 35.6244 28.0052 53.9665 37.9652 52.4286 65.8444 78.3463 56.796 86.9958 52.7709 51.3549 55.8134 49.4172 66.7444 63.277 66.7751 36.2863 63.2114 61.5894 46.2572 54.4843 51.0148 62.6411 57.0134 61.9441 52.5972 55.4506 54.5166 44.7857 38.1347 26.5336 41.9152 52.6105 45.7094 43.1388 75.9037 42.0316 45.6429 42.7766 62.5796 49.0922 76.5001 37.2051 57.2451 98.6905 87.0174 55.9484 28.8547 49.6607 58.768 51.3646 39.3881 53.4407 52.5266 52.9441 35.6329 50.2792 52.37 54.4558 41.4293 39.9614 55.4696 65.2692 49.8593 51.4501 50.7804 57.6787 75.5044 50.5144 69.0093 45.9502 49.7839 86.8675 53.7514 66.63 55.7909 50.4124 57.4119 48.4559 43.3631 73.8077 66.6471 35.4076 52.4209 45.5726 44.6915 77.5318 30.9967 62.3356 55.0242 50.3802 48.8699 86.4845 98.4858 54.5849 33.0054 73.0187 59.2012 72.5585 59.8418 68.8079 44.6787 84.9483 33.4365 58.4498 19.0301 45.8227 54.3956 57.0749 71.6315 50.9834 76.9362 75.1128 49.5804 45.5059 69.4846 51.2653 50.0315 44.6884 87.3554 69.5996 20.7511 73.2539 64.6773 33.3425 93.2933 43.9635 84.4985 60.5004 68.0753 65.7349 46.2851 47.7128 64.5194 35.4223 26.0195 54.6568 50.5084 53.3353 55.3279 57.4038 58.296 40.9913 63.1936 51.0715 32.9096 40.2038 61.6103 50.613 62.1713 45.8415 54.2174 38.5735 45.5251 52.0474 59.7919 50.4422 43.4952 57.378 52.5706 88.5734 66.3614 59.9932 62.6335 68.1213 39.8286 41.2064 54.7593 55.9763 46.7458 62.8431 52.4703 65.8822 63.8841 56.122 49.2199 46.162 44.1463 63.1614 52.424 52.4479 66.4693 63.5818 75.2077 74.7099 40.7805 75.7693 39.2987 81.9142 52.402 38.5968 65.4238 43.7372 51.0208 58.3652 51.0171 59.5288 48.7436 42.2915 75.8155 24.8913 42.5241 50.9476 58.3396 47.8041 

Total time: 2.483577

Graph file: /home/danav/develop/mc_graph/Problems/DrawGraph/sp200dv.txt

method: 2
iterations: 10
epsilon: 0.1 
vertices: 200
edges: 1500
total edge weight: 44116.9 
total error: 69874 
190296 553419 1.67255e+06 5.23002e+06 1.6841e+07 5.55355e+07 1.86635e+08 6.3665e+08 2.19754e+09 7.65686e+09 

total tension vector norm: 1.98693e+06 
layout:
53772.8 -280778 699.591 -508584 -497512 -446420 -292529 -332236 51696.8 486109 195119 -517672 -789246 -525205 -120798 326024 4715.34 -547872 46026 266362 830774 1.82806e+06 1.53403e+06 1.28041e+06 -1.01536e+06 -1.49255e+06 463186 -113983 -2.69592e+06 -1.47466e+06 217362 916469 -155429 -13584 76108.2 293701 271151 -91674.6 -757432 -1.42531e+06 -1.33126e+06 -827941 703452 227888 398564 1.41683e+06 130188 281585 179407 505444 924865 960526 -272293 -1.51572e+06 -156854 864169 -1.16076e+06 -474037 -867572 1.80521e+06 -3.0668e+06 2.7233e+06 -961947 -2.1988e+06 2.28376e+06 954910 150161 -526583 1.57517e+06 708490 -388454 -94162.3 -299794 -696110 -980521 713348 -506573 -327125 2.39691e+06 1.98557e+06 238343 -5.22025e+06 4.78203e+06 -2.55665e+06 740773 541205 1.2396e+06 -2.08817e+06 -1.67854e+06 1.33286e+06 -883106 306903 654832 -649226 -870650 486822 4.53575e+06 2.78215e+06 426891 3.5973e+06 380448 1.39906e+06 -6.74943e+06 682103 7.21228e+06 643474 250296 259620 -1.53109e+06 -878356 953127 -185361 -474763 -704373 201001 388526 -871640 365250 -3.54218e+06 871529 3.53045e+06 -939828 1.01394e+07 385373 -136901 -15597.7 2.05213e+06 -358480 1.25915e+06 -890084 -2.00435e+06 1.04283e+06 1.41154e+06 -206245 -775248 108988 -647260 729501 1.17654e+07 1.14442e+07 -5.4746e+06 4.49126e+06 -530466 680551 -382476 -489818 -195637 -33071.9 -314885 992967 930836 -304994 -286571 -1.64611e+06 -338753 -1.89428e+06 411324 52420.1 159311 678066 -417345 472111 -5.51987e+06 -3.47504e+06 1.72491e+06 -265995 321931 -733803 522278 -5.44571e+06 5.82486e+06 -205188 -874361 -119297 -651902 -1.09142e+06 -927372 891492 815274 139854 -849050 222054 -168340 -4.40954e+06 3.69239e+06 -7.53746e+06 323700 -969537 -467685 -219611 -386729 26459.1 -960387 -1.48005e+06 -196757 1.03722e+06 3.74768e+06 2.15221e+06 -530428 -514104 280823 -1.01214e+06 -341482 25109.7 476439 205043 17954.3 -1.99036e+06 -840317 -1.19744e+06 -1.56129e+06 -2.14527e+06 1.64361e+06 -422003 68363.5 -872534 -363610 13107.5 -783288 4.06076e+06 1.29001e+06 -1.67907e+06 -104725 894465 -1.23961e+06 281950 -328387 -376162 801215 116250 435761 -1.47632e+06 -726491 371283 -637222 -882422 -475550 -2.21592e+06 -1.1808e+06 -428284 2.37943e+06 1.69324e+06 -1.65508e+06 -1.46448e+07 -1.04924e+07 -638329 4.45727e+06 2.01417e+06 -614758 -272372 -22549.5 -482649 -2.04469e+06 -503575 1.67517e+06 1.62826e+06 492584 -857241 487427 782736 -146271 241977 -217536 694566 -1.46175e+06 2.21134e+06 -1.57799e+06 817102 2.24429e+06 -2.38278e+06 558133 432024 -1.25642e+06 -3.80102e+06 -1.97811e+06 5.5476e+06 1.65018e+06 710135 -78079.1 3.77761e+06 3.86648e+06 -1.85533e+06 -1.45151e+06 418284 298145 126095 1.11169e+06 958232 6.19877e+06 -180347 -1.38851e+06 397866 -87653 -1.07133e+06 -6.63385e+06 -9.94222e+06 -5.7824e+06 440091 -511837 2.54694e+06 2.11826e+06 4.26336e+06 25758.2 2.06711e+06 833088 -592307 63790.8 -1.47869e+06 -854834 193607 328246 147453 1.20924e+06 828755 1.98029e+06 -3.05588e+06 -5.009e+06 2.17401e+06 -1.35464e+06 -1.18976e+06 -88901.4 572577 -476835 1.53504e+06 507264 1.38048e+06 9414.15 695792 -726933 184197 1.18328e+07 8.17202e+06 -2.99204e+06 1.26241e+06 328027 4.62204e+06 -58067.5 653672 -151589 91494 -425721 -724833 -2.65306e+06 -3.86203e+06 -319333 -419280 932249 2.83667e+06 -1.36432e+06 -1.19068e+06 525466 513098 1.30737e+06 -849686 -1.76678e+06 362266 1.05246e+06 970305 186814 -681196 43356.9 486823 168478 1.87011e+06 -492119 -1.4103e+06 -737098 -2.44179e+06 -472533 -1.5265e+06 -362337 -1.39612e+06 -424622 -1.0262e+06 446351 -722141 356747 -655775 1.12016e+06 1.27339e+06 1.24584e+06 -513005 -193957 366360 -815200 1.06485e+06 -375483 -437378 -838661 -260326 -438898 -445592 993136 -395732 -736225 -6199.42 -175417 -413442 -478000 -2.24932e+06 -890818 -1.47244e+06 723707 223687 129055 9.69346e+06 1.01159e+07 3.77162e+06 1.3926e+06 2.00494e+06 -498831 4.09607e+06 1.39305e+06 2.31075e+06 16542.4 899190 -296335 -325031 -488251 -182543 300664 3.46788e+06 431321 711131 2.09697e+06 749423 1.5788e+06 4.46453e+06 -1.32803e+06 398116 -374546 -434729 1.30658e+06 -698911 -1.66572e+06 1.50368e+06 1.18404e+06 -2.13381e+06 64295.7 -1.0121e+06 761268 -1.53847e+06 -745449 379101 -774872 -988084 63738.7 -733754 -734319 504215 888741 931852 -486239 -330582 -3.12217e+06 103897 -155974 13205.3 -156970 -1.27967e+06 -3.52139e+06 574701 1.37967e+06 771819 407586 686242 1.17911e+06 -2.16331e+06 -397669 -478606 28362.3 -2.59958e+06 2.33204e+06 1.00043e+06 -323163 -785673 655858 1.74216e+06 -398463 396051 -560273 -72609.5 -1.61796e+06 -2.09074e+06 -4.11264e+06 1.39309e+06 64321.1 372699 258222 -89756.9 -136292 520564 185316 477280 178388 144663 2.732e+06 -1.37072e+06 489608 -361205 -113971 733634 1.26391e+06 -274712 -2.13217e+06 -1.01713e+06 335821 -438534 -1.73725e+06 947422 -51852.6 620150 -1.37229e+06 -143413 -438972 -203308 -91249.3 536702 840004 383481 488141 -1.3444e+06 689418 138656 489051 -1.21565e+06 2.65278e+06 -4.92422e+06 -1.18738e+06 -3.09594e+06 807946 -1.71762e+06 -1.10898e+06 -808540 388160 -72273.3 -8220.93 -189728 -531804 893608 -3.59264e+06 -428323 -879542 162745 2.11337e+06 918069 -438285 1.96217e+06 -2.6694e+06 -544060 -2.15484e+06 628082 -787318 865406 -833923 -708526 110197 -508139 -395857 709461 274398 -771774 2.1984e+06 -383121 1.41e+06 916305 -1.2675e+06 1.91082e+06 -1.97398e+06 669302 -841594 -1.3905e+06 456075 -838213 -1.6587e+06 -1.64472e+06 434895 -88380 -416539 -287965 -1.1692e+06 590718 -2.75698e+06 -1.83767e+06 -1.36868e+06 -643999 -518270 -279783 -416121 79927.2 -479220 -538129 -456740 -298975 -637608 -629520 641721 -469498 -2.95289e+06 663140 

Total time: 2.460146

Graph file: /home/danav/develop/mc_graph/Problems/DrawGraph/sp200dv.txt

method: 3
iterations: 10
epsilon: 0.1 
vertices: 200
edges: 1500
total edge weight: 44116.9 
total error: 74157.6 
200690 582035 1.75867e+06 5.50797e+06 1.77878e+07 5.88806e+07 1.98721e+08 6.81224e+08 2.36484e+09 8.29391e+09 

total tension vector norm: 7.05479e+06 
layout:
-986814 -26571.2 270839 338762 621206 -685176 -641337 -123679 -323056 497243 2280.74 -21124.6 2.62752e+06 -2.70479e+06 -876610 362586 -663450 504170 970388 -821156 1.04799e+06 -1.81244e+06 2.71363e+06 -1.11289e+06 1.44278e+06 -1.03318e+06 -35784 -922730 1.07742e+06 -94796.4 748280 104474 -42986.2 694062 406795 -395563 -1.24984e+06 -372152 -149074 -2.61434e+06 -1.08274e+06 879612 -888980 -160858 648214 -536292 875476 221131 288708 674909 -466493 -1.3728e+06 -519197 326342 661807 1.75657e+06 387060 858258 -296418 -1.44187e+06 2.73037e+06 -3.82498e+06 1.94916e+06 1.51009e+06 -464538 -799339 1.45698e+06 -620657 -22191.7 -714286 454801 94377.2 -131448 1.40178e+06 -253584 394305 -51834.2 -147234 1.79428e+06 2.02192e+06 178898 9.16265e+06 -4.71907e+06 279800 -23431.1 -1.15654e+06 280627 -821673 -1.63519e+06 -1.02311e+06 249743 -282262 -230330 362987 713672 -974914 971259 -118675 5.96196e+06 -2.49906e+06 2.79281e+06 -1.78794e+06 -2.14972e+06 3.26951e+06 -4.40207e+06 -37842 326501 398130 1.22035e+06 -874746 -248140 834151 208942 150044 900694 346391 308515 -2.91208e+06 -992614 -1.1145e+06 -5.08166e+06 -7.23965e+06 -1.76262e+06 -36119.3 208203 61073.8 412087 820327 893406 -2.8144e+06 77224.8 -1.52344e+06 -1.14756e+06 991669 128266 -574164 -187381 -290049 -1.43388e+07 1.32057e+07 8.15793e+06 -5.20191e+06 -2.47363e+06 -501518 -666092 -1.40064e+06 -12401.9 -321377 341783 458604 -509517 -549492 54428.1 -3.80942e+06 3.06852e+06 -2.90139e+06 3.47043e+06 -216833 1.62732e+06 -1.07529e+06 446568 456401 -4.67328e+06 -1.30822e+06 1.93055e+06 -237316 -134506 -840267 -2.72526e+06 1.43159e+06 682967 1.42999e+06 -1.42667e+06 -757670 -363699 -135136 -438455 -307908 -26763.7 183704 838322 1.65128e+06 542933 -1.06897e+07 2.48465e+06 -3.72135e+06 884919 -1.61908e+06 157980 1.36235e+06 -1.83561e+06 -1.77399e+06 -462416 760868 -43440.5 4.38229e+06 -1.23016e+06 1.3391e+06 1.70766e+06 1.02727e+06 -781580 553670 333452 68901 -395830 446651 67449.5 3.99436e+06 1.07489e+06 376940 237727 -3.11077e+06 -2.92388e+06 -162919 360312 11271.3 82085.8 428062 -576767 -1.13605e+06 569896 -45950.9 -557857 884824 271037 1.78904e+06 1.73611e+06 123171 594819 494536 -129122 971726 -1.09344e+06 -578604 71588.8 386752 86560.8 -1.09805e+06 -73770.2 -267737 2.09093e+06 -1.09018e+06 1.1249e+06 1.22285e+07 -1.14912e+07 470192 -962359 586729 504855 1.35898e+06 559521 -403368 3.10368e+06 18515.2 197103 1.59918e+06 99578.9 830306 -459621 -448776 522377 462201 -542339 54235.1 -2.71804e+06 -1.12032e+06 2.02958e+06 -369785 -1.66568e+06 -1.278e+06 1.23365e+06 912952 1.25219e+06 9.96282e+06 5.18094e+06 -4.33462e+06 -598584 1.99574e+06 -636379 1.9187e+06 54620.9 -42851.7 -777370 -495322 -834000 2.07156e+06 -1.06428e+06 737510 -2.53278e+06 6.60413e+06 -2.14193e+06 -342020 1.86647e+06 361173 -1.22686e+07 -3.4185e+06 -7.77007e+06 2.34325e+06 -1.64374e+06 2.73552e+06 5.46897e+06 -1.36514e+06 2.71204e+06 -893662 809005 690684 -1.8858e+06 -966325 -398554 76778 -1.53166e+06 715238 631142 732485 339592 -7.69506e+06 -4.63428e+06 -363017 -260651 -793315 -1.1102e+06 1.13652e+06 -421042 -350666 723552 843088 1.0227e+06 2.16586e+06 1.44936e+06 -1.13604e+06 1.07955e+07 7.79455e+06 1.20721e+07 -317019 3.5702e+06 -600814 984882 1.07084e+06 394346 318087 942322 -499353 -3.00961e+06 -1.36182e+06 -2.76891e+06 2.80553e+06 -1.42436e+06 181799 1.14175e+06 -1.14483e+06 -709638 -228266 374190 933269 1.2348e+06 -570899 -1.92357e+06 -1.84278e+06 -892614 221923 1.84996e+06 2.92124e+06 -794198 1.00301e+06 -1.30341e+06 2.02985e+06 3.80311e+06 1.28038e+06 1.23026e+06 -2.43012e+06 -1.11288e+06 3.05869e+06 -2.59129e+06 1.59481e+06 -2.19486e+06 481281 733692 -158350 -467556 935083 -478564 778735 -165249 -639083 172312 -1.17922e+06 459368 278998 -807324 -17341.4 -27929.1 -1.58824e+06 -526908 269008 442158 -411180 129182 1.28437e+06 -904509 903430 614844 164616 357290 566407 89450.1 -1.16201e+07 -8.88834e+06 5.16954e+06 -626032 736833 320961 -5.04485e+06 7.35757e+06 96370.6 1.1831e+06 -106996 237669 -1.96735e+06 -3.27243e+06 -2.93064e+06 1.20309e+06 268307 -744829 2.4811e+06 -422144 1.63273e+06 -499783 -698155 1.98282e+06 -834032 -21743.8 440639 2.04109e+06 -3.05747e+06 971102 -2.05683e+06 656052 678969 87206.4 -362029 -518208 -177152 -506254 -322897 50555 1.03518e+06 -301288 132434 695777 -171234 512531 -1.06387e+06 400589 -2.17133e+06 223929 563967 -1.18649e+06 -516802 639700 1.33235e+06 -1.89461e+06 -721666 -2.05421e+06 2.05478e+06 -491292 1.26171e+06 -38835.6 634150 -699854 -324949 -1.25048e+06 2.39235e+06 637824 718993 -366993 130398 -80761.9 2.19383e+06 200927 2.2102e+06 -1.03705e+06 49355.3 783877 -2.33238e+06 2.58264e+06 -2.61825e+06 362279 -399867 182652 -871118 1.57793e+06 -1.90511e+06 8101.77 -113540 269005 4.77355e+06 -314534 432381 -610381 -295959 -238945 -1.35424e+06 903806 -30713.3 1.16244e+06 -1.24913e+06 -966938 -2.71653e+06 345891 -978197 -64125.3 -258831 152906 2.97546e+06 -919987 11198.9 1.85632e+06 1.06985e+06 878266 51813 702103 1.43648e+06 -373314 384481 -140722 -6.736e+06 -4.30117e+06 3.99759e+06 1.73399e+06 -539901 -1.32916e+06 3.50402e+06 2.04233e+06 -1.87815e+06 -278720 -137376 -84975.7 1.62158e+06 605470 -1.32075e+06 1.10293e+06 -1.80237e+06 386114 2.1894e+06 16060.2 1.37584e+06 -2.01768e+06 -444487 105523 24477.2 -537879 -1.68712e+06 798274 88096.6 775828 183894 -627258 -1.02069e+06 -614378 68885.2 -130857 2.64661e+06 1.18528e+06 1.20836e+06 97808.6 460630 -879187 -1.23108e+06 321228 -551264 -1.78267e+06 374115 -1.89772e+06 -1.93994e+06 -311957 1.02979e+06 -131508 -347780 279312 -321397 1.51107e+06 -683605 2.24669e+06 1.49179e+06 -1.33804e+06 -253052 -302005 -457936 -827156 312454 -294600 -268577 -306413 -538705 1.86491e+06 -1.49767e+06 -439797 2.63784e+06 -2.18523e+06 196678 

Total time: 2.585735


../Results/sp250dv_r.txt
Graph file: /home/danav/develop/mc_graph/Problems/DrawGraph/sp250dv.txt

method: 0
iterations: 10
epsilon: 0.1 
vertices: 250
edges: 750
total edge weight: 25209.2 
total error: 45495.3 
32659.2 23727.3 17898.4 14477.1 12113.1 10582.2 9477.01 8700.84 8021.24 7476.46 
layout:
66.4113 75.4549 66.6317 74.3388 47.8347 52.6623 45.0965 88.1554 66.5059 42.1218 31.9429 43.3043 77.2606 8.84968 91.4789 55.4962 86.306 68.7056 53.7175 73.2365 58.4354 55.5386 53.084 59.7404 82.1378 79.3971 96.9677 78.9568 77.2453 63.2341 83.5527 80.6612 51.1453 68.1106 73.0489 59.5672 63.7926 65.2322 72.8807 47.7407 63.4335 46.26 26.6747 57.5548 23.8917 52.4065 56.6194 93.5355 59.4031 76.0986 52.1739 72.4102 53.5807 61.6169 72.0565 69.9351 59.054 70.0039 62.3453 60.3262 70.0966 53.3619 68.42 73.9227 78.8372 52.8049 87.6475 76.5236 49.8358 105.244 79.7055 80.1006 34.861 33.3475 46.9544 61.5994 99.9673 64.5981 64.259 98.3175 78.6355 87.7049 59.4954 62.655 80.917 102.297 67.6357 85.3871 71.4584 74.6607 56.2465 59.226 38.4586 49.9699 46.8082 100.951 50.8545 48.3802 61.1798 35.677 43.4918 58.0819 54.7952 43.224 55.6782 93.3991 61.0845 52.8222 70.3672 69.8945 69.6677 68.1157 48.4161 105.646 46.1922 57.4074 46.0495 94.4072 99.4236 61.7975 62.8711 53.2496 54.4018 47.0623 54.1759 54.2578 36.435 69.6658 83.812 80.0459 79.9495 65.817 78.201 85.2909 71.9072 88.5534 82.4615 41.3631 85.6659 70.9806 73.4179 69.2333 54.8619 70.7386 84.1198 53.1154 46.6727 104.176 106.261 81.4365 66.4459 37.5733 72.6156 104.527 58.5676 92.023 41.0341 95.2138 62.8991 58.1038 100.24 91.7852 38.375 89.3239 30.6011 77.6741 49.7625 104.692 66.0954 62.3522 73.8721 75.868 53.4586 60.5253 54.0877 44.8403 104.404 82.6692 53.7703 75.089 76.8214 12.8426 49.6555 53.239 79.4703 60.5386 83.278 91.1809 53.899 59.9549 99.0647 74.8017 52.7978 93.161 43.4471 81.2427 71.564 39.7212 24.1862 20.258 31.8402 66.3931 66.2036 62.0804 68.4766 61.066 74.161 50.2209 73.821 72.9321 92.7403 90.2697 42.5317 90.3424 69.5637 91.6738 52.1661 21.6802 50.4021 63.607 72.8379 79.1517 80.679 38.2568 47.0456 69.8733 51.9585 48.811 75.2533 54.6883 59.3577 63.7391 72.4607 63.8165 46.767 106.427 84.5384 69.1904 59.9738 86.2264 77.1635 92.0832 67.54 80.3998 77.2315 80.6079 82.4669 57.6892 69.1669 81.3836 64.0436 83.065 79.4892 74.7869 77.9064 87.8112 54.41 101.505 97.6045 68.5986 97.6648 48.4647 100.445 35.411 60.1359 116.56 55.9981 70.2662 101.649 29.5945 66.2257 76.8074 75.2438 60.0317 70.6206 90.595 37.9274 42.053 34.6544 72.438 79.2329 48.6514 102.507 77.4319 63.65 56.0774 51.094 70.8312 72.6827 74.6433 85.8565 56.1739 74.5618 64.1897 69.96 93.8137 126.003 48.0219 56.3208 78.9628 43.8718 60.6185 88.5619 74.7161 84.1022 46.3087 71.1437 86.626 50.6891 52.1623 32.1665 70.8006 102.46 35.9475 38.4672 84.1731 56.9583 81.446 89.6353 39.863 64.0163 75.326 30.9653 49.1101 68.8305 68.9778 58.9535 86.2997 92.5917 75.6081 103.002 103.602 86.5478 69.9755 60.8409 60.2958 95.0771 77.0776 60.8887 70.2146 69.5128 87.8809 70.2892 53.2741 47.9643 112.636 66.393 65.2505 89.7169 59.619 58.807 58.2562 63.012 53.0054 94.249 62.4124 69.4553 49.4689 79.0777 33.4211 74.6129 56.2612 68.2273 60.2646 46.3616 67.8423 94.8059 73.2562 76.3619 92.9319 49.8634 58.0566 78.0575 37.7157 111.435 71.6975 57.1423 72.3111 60.9542 67.538 36.7931 63.453 71.6087 84.3618 51.8416 43.0693 73.4439 77.1817 33.6694 80.6422 50.7406 47.166 102.141 77.2411 86.2739 76.078 64.1861 78.036 48.1055 105.292 71.7277 89.4721 70.9637 72.616 36.0753 59.5322 45.6214 78.9923 75.6888 65.5535 57.2059 68.9889 57.1823 61.9761 59.858 78.4564 52.1611 112.288 76.9488 71.8232 73.5873 97.5585 70.2343 51.6589 73.7834 88.1244 79.8168 42.9938 54.3849 67.2339 74.29 77.3143 68.1617 97.3542 61.8349 60.9853 54.2731 45.0002 101.205 69.8741 91.1471 40.6409 63.6731 39.119 64.8448 47.7768 56.5211 73.9734 86.786 71.4844 61.5567 87.7936 67.4634 45.5738 57.6245 27.9271 69.97 104.518 57.3681 83.997 49.1147 60.6243 26.89 80.1678 41.4451 14.2476 72.8536 12.6036 40.2633 59.7368 45.6395 96.1183 50.7185 43.6188 66.0483 54.0064 55.0714 93.7569 92.6757 86.086 62.6352 62.3105 85.3366 73.8307 88.425 66.1868 75.6173 86.0451 94.3845 78.4688 71.246 58.8932 95.6934 44.2538 65.1925 87.6884 47.3811 118.368 61.6314 47.4291 27.8091 51.7822 28.3298 39.8228 70.2631 98.9678 28.8761 83.6172 59.442 66.153 71.3606 52.0452 68.4671 80.9509 72.4831 71.2006 53.2405 84.3747 75.1248 47.6573 72.914 100.071 41.7157 66.591 32.9724 58.6263 83.8597 73.2545 79.6331 78.8306 68.1697 69.7706 70.8098 75.2183 73.4541 78.9037 40.8016 29.6094 62.1311 89.3508 145.984 84.0069 130.305 68.5913 69.4326 72.325 60.9674 58.8912 69.1143 55.3469 56.5667 106.299 50.0157 48.8211 52.3049 91.8373 100.404 103.707 59.7624 83.9 68.3068 49.0421 59.7867 84.4131 82.9182 87.1901 44.4075 94.6045 72.4872 61.1897 50.0297 76.2967 98.7503 36.4055 69.7679 47.2894 69.0344 68.7364 77.5492 52.5728 82.983 58.4903 61.1711 70.7567 90.2291 63.149 87.2429 80.9736 77.4295 84.435 106.745 75.4473 61.7757 62.9395 70.2934 102.93 63.2566 65.4158 67.4887 56.6646 89.8148 60.2854 57.6927 71.2903 78.3322 77.4277 64.8581 87.6558 85.8344 103.81 116.183 80.7354 60.6211 82.5408 47.6959 85.0008 80.622 65.1917 40.8141 96.4967 84.8618 98.5854 61.4892 67.321 74.1195 78.6446 61.3611 61.616 74.8338 73.3087 79.3997 56.8029 66.8318 50.5232 55.0938 49.7972 76.5238 72.2287 80.7054 63.3547 46.6731 74.7321 55.8747 56.8731 66.9617 50.9207 28.5103 90.6252 60.3431 67.7395 66.7458 110.459 107.164 72.2076 56.2293 87.2626 49.664 62.9686 86.2989 78.4172 69.6154 94.8239 90.8453 84.3243 61.1987 60.2714 62.38 105.451 95.6492 74.7034 64.9965 87.5675 92.796 51.342 76.9576 74.9158 69.118 61.3694 69.4393 72.6402 64.967 88.8656 63.9462 69.4519 88.7554 50.8349 50.2153 74.187 69.1602 67.4966 60.6792 56.2277 32.1434 48.7145 84.3692 62.7494 65.132 68.5628 63.5467 83.6726 53.5476 38.1256 67.9544 70.5562 59.2077 49.4503 95.3201 51.2832 61.811 89.1422 72.3992 69.7778 56.6338 66.9734 56.0088 55.2645 44.1725 105.106 43.3197 57.1189 67.6281 66.6526 55.8817 67.3966 40.1983 74.5956 76.0251 89.9116 79.9029 69.9958 57.2746 66.9516 92.5701 71.2792 64.2287 91.868 81.7164 60.3334 47.8599 70.1353 84.6794 97.0681 53.4607 51.1071 98.5504 32.896 80.3828 39.0258 103.351 51.7182 

Total time: 2.102721

Graph file: /home/danav/develop/mc_graph/Problems/DrawGraph/sp250dv.txt

method: 1
iterations: 10
epsilon: 0.1 
vertices: 250
edges: 750
total edge weight: 25209.2 
total error: 47018.1 
34367.9 25878.3 20218.1 16162.7 13896.7 11943.5 10732.6 9891.02 9258.2 8772.81 
layout:
51.6915 67.1015 69.9301 114.938 79.8511 40.9198 97.4884 61.8354 75.8626 35.5749 107.095 62.897 34.0156 55.2062 82.686 53.5344 73.2418 64.6126 42.5658 76.5046 84.9637 106.912 67.6721 51.5937 43.5225 109.066 51.1923 72.7308 54.5146 74.021 85.9107 59.4735 49.6074 60.3826 72.2399 76.1818 76.6851 72.5301 42.6631 67.4579 68.0707 81.8841 65.0732 66.7106 53.9976 44.7743 107.867 92.7829 62.2034 92.4817 62.0169 53.5664 60.3888 35.8037 35.0554 58.2405 87.2342 81.0748 56.3827 55.1626 100.625 80.2306 52.8176 85.6468 65.5934 87.0221 59.0432 37.9161 49.3796 74.9969 64.1045 115.263 72.9875 117.892 56.0698 45.185 111.374 106.732 89.9183 58.9824 42.2617 81.8634 88.6591 63.7653 97.431 50.4157 64.3232 58.827 40.9409 54.4919 52.8789 93.589 91.6585 50.663 99.2505 77.5429 71.4888 83.5851 51.4826 30.3445 51.9811 103.596 97.5273 87.9527 49.8522 52.8549 75.7129 85.387 57.6618 70.4263 71.9528 36.1618 94.4235 35.4157 47.5263 87.5911 38.6455 19.504 89.0849 80.5655 69.2324 86.7759 56.9991 93.4582 39.394 53.4787 82.9147 91.5395 50.3504 66.2808 89.9439 68.3841 71.5335 57.9916 98.5783 110.121 86.0797 52.7268 86.8713 84.1943 66.0774 91.3248 79.8863 54.6586 97.2336 76.2329 90.3842 88.9685 116.762 69.3158 63.9485 65.1551 86.2423 27.4207 81.4041 105.962 61.6319 56.6822 55.2723 82.9467 78.3678 75.9216 45.8084 35.8914 57.5824 71.1058 107.647 75.6233 73.1668 76.5895 65.6089 46.9602 64.78 69.7062 38.3558 101.838 54.8983 69.1046 51.9833 74.9259 12.5293 48.6181 40.8281 80.1428 57.6336 84.9598 84.3767 56.7799 68.4862 98.6958 91.6879 93.198 72.8715 130.144 51.2707 71.5056 67.1415 74.971 103.831 117.281 105.986 72.6726 92.2108 89.19 67.1419 85.4562 71.6044 112.412 49.3172 42.1977 107.265 56.5761 55.4123 106.54 83.1053 61.2073 73.5933 29.0512 78.9435 64.666 45.1773 59.4246 81.4809 32.3949 95.7507 51.3685 64.308 53.7616 90.3262 80.1924 74.8358 57.8327 71.9103 70.2912 63.8517 108.83 90.3533 41.6666 74.9535 99.5678 98.509 74.7096 81.6154 67.3918 44.2872 59.126 73.2999 64.2776 69.2574 52.1367 80.782 69.8868 44.8066 39.6983 64.6501 108.763 77.3423 68.2746 82.7843 60.8245 89.8979 32.974 74.2586 23.0418 8.85596 80.7588 102.218 94.1645 102.692 51.9876 76.864 42.6065 52.7081 69.1859 76.6149 60.4857 94.8217 50.035 77.2209 67.6533 12.5421 56.329 79.0827 39.9192 88.9155 59.1849 84.7087 94.8262 57.4784 62.8381 78.204 42.9635 50.6309 88.0454 75.073 30.1296 96.1691 89.5546 88.5588 68.823 76.333 81.172 77.5626 54.8289 71.2932 87.3373 57.0571 69.3911 80.1212 80.1233 56.3717 26.8599 31.1695 35.6585 19.0616 63.4163 58.3142 76.3406 97.7324 33.5049 45.4078 64.6405 60.4459 49.2364 64.5348 75.9322 48.7899 56.1002 62.9474 68.5472 99.229 49.3736 39.6289 76.4684 49.5383 71.4915 77.8775 64.5641 70.2575 80.0358 96.4049 71.6821 59.4611 69.6713 34.1381 36.0913 79.5754 77.4375 54.3748 47.1057 51.5546 41.9803 91.8711 77.8048 83.4898 88.4329 99.2635 83.6735 62.6436 73.7696 55.2786 88.6863 52.0999 79.2161 66.6025 53.573 52.3578 84.3967 58.744 72.5833 45.2421 68.7767 111.93 34.3559 64.8754 65.0435 64.0415 78.6095 73.4741 55.7368 67.4243 91.7388 50.9244 66.6995 72.7971 81.3176 57.6548 55.1127 72.2655 80.9637 87.2708 104.324 53.1123 67.3336 51.4304 82.0717 77.2074 58.16 66.9488 84.5304 115.951 43.0689 48.9593 72.1537 5.66549 85.4463 125.324 76.9834 67.5478 74.9707 65.6535 86.3547 66.1832 69.9301 61.077 41.9857 82.9344 69.0364 108.505 42.8717 42.3556 56.4952 73.2961 74.9601 79.7924 58.3039 53.5047 99.5667 89.3826 50.6738 98.4629 56.9731 44.5537 60.9281 55.6477 62.9563 82.0181 91.6705 31.9674 42.3069 50.5657 77.969 79.2904 59.621 61.2189 87.0335 57.381 83.148 61.3039 53.4081 93.5287 81.173 50.5613 24.597 9.39444 52.6878 89.2713 18.449 62.9673 41.0216 67.0605 53.3463 58.3706 45.7714 110.959 17.0718 52.1567 87.0309 93.9168 60.7882 71.0684 37.5695 59.9372 91.8215 58.0736 83.7994 78.1845 12.2744 50.8605 115.195 66.8429 80.9131 68.6264 94.734 76.2737 96.852 48.6253 71.0211 73.5226 62.6284 73.3743 70.4814 44.7816 61.9838 84.9303 66.1708 64.4775 126.741 61.7865 44.1352 38.9527 79.5812 52.926 53.8372 38.3577 135.585 24.0479 95.2338 90.6421 65.4971 80.9701 82.8421 70.1468 64.5011 62.5856 60.5216 77.623 74.2165 95.4807 49.8264 66.4309 55.7452 76.2395 58.0974 44.6361 67.9324 78.0831 80.9179 71.7888 85.9844 73.3412 57.4558 69.2892 69.3009 75.7591 61.8676 42.4741 57.4103 29.8111 119.103 45.3736 58.9423 51.6 46.4586 64.4709 68.0647 45.8658 56.9721 109.259 77.2059 95.6008 90.666 47.7886 37.3998 89.3557 57.3694 94.0758 24.6175 58.6607 70.9783 67.5499 68.6489 83.2668 33.7393 80.5677 82.2016 59.5425 66.496 18.2279 47.5941 36.7603 89.9129 72.3228 61.8533 50.2175 96.1983 71.2804 60.8142 83.8489 61.0522 79.3271 64.8649 54.4521 77.6812 60.3326 43.9375 101.051 67.3412 58.8518 50.3633 49.9295 64.0909 57.14 83.3662 84.6593 102.066 42.2527 66.6343 78.0026 77.016 85.5488 85.6603 108.824 70.5505 90.4692 75.1956 103.923 61.9452 94.6703 34.5588 60.1358 79.3977 78.7852 93.7914 66.6589 72.8506 73.7257 62.8805 69.9186 69.2498 60.9012 56.0725 61.2078 89.6309 54.1579 60.5916 45.4516 64.0503 67.1215 57.0349 78.1816 82.0986 86.8403 62.704 44.4399 76.955 53.577 72.2581 81.5064 69.6379 106.499 63.3302 72.4449 70.8513 53.6034 98.4161 76.2325 81.7177 73.4156 77.8006 83.7433 90.7998 103.716 53.1929 62.6896 53.9049 57.4587 83.0259 91.5781 77.0869 40.6853 47.7753 30.434 72.3439 62.6565 98.9144 104.415 72.2355 89.4154 45.4991 57.38 75.2854 67.4452 58.4795 63.7047 70.7274 69.5619 75.1162 70.5071 72.9023 57.6616 71.8242 88.9209 71.1132 38.6189 44.2238 80.1978 70.2339 74.0363 57.9935 10.5353 85.0236 52.994 88.3613 61.6254 80.5678 74.5105 79.1175 85.3742 67.4019 45.6907 54.3854 61.9772 94.9856 69.7978 61.3115 32.5307 57.0013 55.0582 73.3953 76.4476 61.6618 60.1376 69.6023 55.4921 67.7709 84.35 76.3579 43.5412 57.5659 67.4139 71.4572 77.187 79.6172 75.5869 74.3714 53.5065 43.2266 74.2394 97.4982 59.5949 73.3473 46.529 93.6377 111.019 82.7971 59.6888 71.628 85.5999 94.657 58.2347 91.9118 85.0754 51.3324 24.0029 31.2953 34.4091 75.1087 82.2055 81.706 

Total time: 2.120185

Graph file: /home/danav/develop/mc_graph/Problems/DrawGraph/sp250dv.txt

method: 2
iterations: 10
epsilon: 0.1 
vertices: 250
edges: 750
total edge weight: 25209.2 
total error: 46582 
85745.8 166647 336080 697879 1.48557e+06 3.22871e+06 7.14552e+06 1.60677e+07 3.66522e+07 8.47202e+07 

total tension vector norm: 103397 
layout:
-11015.2 -3195.82 -15249.2 13978.7 14389.3 -15111.4 3556.26 11431.5 -6965.37 -5174.14 1437.73 -744.136 1842.63 -11184.5 -1180.15 -8130.09 -4318.44 30992.9 12271.9 -2651.77 -73897.5 2041.98 1583.85 1420.04 -47374.3 -22842.2 -17384 24018.7 -26387.3 62313.7 -34487.2 -7208.31 -21221 32092.7 -55284.4 33656 -47826 -61029 4942.89 20545.4 23569.1 82871.1 4431.19 7555.02 11937.8 4276.44 28385.6 -796.491 12823.9 24573.1 -17576.9 26552.1 84841.8 2186.35 -4191.71 4826.9 905.125 20963.8 31920.1 30668.7 -22338.1 -33463.1 -24483.8 7929.73 -4866.86 -5509.14 -735.451 4881.2 -1776.14 7012.34 9281.5 -24220.9 -12767.6 -9488.94 2828.16 2330.53 -8977.67 21596.6 -22213.6 -57847.3 17481.9 -21348.1 -29118.9 1122.74 286.77 -1319.53 1154.41 32282 -3986.33 -113740 28542.1 20660.1 13783.5 686.717 -2397.54 -5101.08 34960.7 16645.5 45714 44568.1 4541.39 -25890.8 22246.7 5607.92 4826.86 -5301 -23615.3 24096.3 -12697.7 75720.7 36670.6 -5121.93 10065.2 -9226.75 -22073.7 -16325.7 -94396 -3921.73 30224 -2854.97 13677.9 73833.2 14053.9 14040.8 12377.6 13959.4 12967.4 50334 -1220.04 36806 -6575.38 -29163.3 -18182.4 -29601.9 22281.4 -948.083 36402.8 -17759.9 -4487.78 -9305.09 -21781.7 -2908.54 28561.2 -38184.6 15552.3 -16772 67147 -1742.25 7030.58 -3399.72 2593.41 3998.51 -6210.89 -6943.92 6162.47 81.1505 29969.2 66964.5 -43136.3 9815.74 -69.0983 16717.4 1615.66 26777.3 -9840.01 2813.67 -2794.44 -5263.74 -11837.2 -87077 7401.61 982.423 -8110.3 165.769 -2525.76 -4491.79 -6164.65 -16904.5 4845.23 16030.3 3248.26 381.592 9894.25 3758.15 -70209.4 -25102.6 15173 -15344.8 -22323.4 48563 188851 17300.4 -1703.03 5150.58 -8324.02 -30754.5 -19874 -18584.9 12.9677 388.983 1468.77 -14044 -832.714 -38823.9 35498 -78608.7 -21127.3 4838.75 6969.51 -10705.3 17820.4 18567.7 -14897 -15428.3 -41863.9 -12389.8 -30880.6 -12081 -43828.5 1184.03 14726.9 6066.74 8392.57 3365.29 1629.22 14392.3 7269.14 -2201.76 18358.9 6219.17 25277.1 37079.6 -7895.53 78631.1 11712.5 -10291.8 2286.42 4457.24 -3001.65 4019.45 1751.08 20202.1 25353.7 -37261.3 45923.6 193438 -17320.9 -3979.18 5559.64 9208.59 7452.26 -6368.33 -4616.27 -2108.74 -5577.43 13879.8 27693.1 -15308.5 -17796.9 19461.7 17928.5 -21947.2 -33260.7 15422.9 -6603.4 -14111.1 5921.05 -11596.5 -16097.9 -3302.07 -20644.8 -22074.4 -14050 -8730.84 9846.47 -12160.1 3295.17 2438.77 1324.28 16070.6 4396.16 -27999.1 17376.7 -114.506 -18734.8 -48116.9 -20662.5 55366.7 -10243.9 7035.47 -8835.79 -5449.2 -12708.3 -8024.32 2367.68 -2613.55 1241.52 -7597.27 17881.8 -35197.9 -5569.52 5831.07 236.679 -986.26 -14125.5 2413.5 -13953.3 -20627.4 -33403.4 -4672.98 -7825.87 6011.52 16836.5 -5840.22 22538.1 -142931 -11488.7 -89618.5 14196.3 -13781.7 -31906.4 -19296.5 -33469.8 38628.2 -1633.34 7975.07 7686.84 -129.733 18833.9 30923.1 2858.47 1885.03 581.74 -7646.73 -65.6434 813.129 -15832.9 -46614.2 20770 -7149.2 -27189.2 -27984.6 87206.6 -16783.6 40285.9 -6043.05 -2194.99 -29363.5 23474.9 -21183.2 27518.5 -44779.4 -37598.7 -20484.5 -6634.14 1014.74 -1439.43 -49847.4 -76010.5 114006 -27808.3 -10847.2 -19524.9 38193.9 -48112.1 118630 -8501.68 -5682.78 -14991.6 10083.2 1774.2 9882.71 -6015.1 20187.1 -8359.63 -65331.7 -96508.3 113415 -5285.28 2526.95 -6998.43 20559.6 -51155.4 -49085.3 15424.6 5177.54 12974.5 -41370 11214.2 -21202.2 4510.82 -2188.2 4356.84 -14162.8 -5532.1 -4050.82 -22490.2 -12449.8 -16247.6 -2632.67 -16260.8 -305.235 4383.91 13238.8 -954.694 -5831.25 -10269.3 4825.24 3951.1 26939.3 34816.1 14813.6 60836.2 -20009.1 7079.53 2533.1 8642.33 -7158.73 -6239.68 9109.03 14560.1 -2721.28 4496.14 -21146.5 -3255.54 5457.34 -4179.16 53468.8 -10681.8 -804.453 -2958.84 2719.22 -23138.2 -8734.1 17622 93660.3 15025.6 191643 397.721 13557.6 14858.7 13605 -16155.1 -16365 22756.6 -18418.8 47022.3 -42237.3 -21091.8 -16387.5 -685.623 -2285.92 -5757.18 -4102.63 -10350.5 39543.4 20889.5 3066.42 -7416.85 114703 60842.5 -73678.2 16269.3 302.483 6268.16 4.10285 101.756 86.5251 -2899.2 15426.5 -23912.5 48794.6 -22026.4 32965.5 4550.7 16787.1 7060.64 58746.5 42458.6 -1515.06 1977.46 7738.97 7362.17 -6269.66 -10779.3 -9537.64 55794.2 14089.1 67017.5 -9749.93 9256.2 4386.59 22983.5 73333.4 -24276.7 8166.78 10103.9 -10883.2 32.158 14669.1 836.298 -119684 -50291.1 -49462.2 -10084.4 -12232.3 -22587.5 -2270.17 23741.2 25383.5 -6290.45 13461.2 -3608.05 92227.3 -64671.4 80656.1 -944.226 -19554.6 12094.1 -1857.78 -5376.86 -3629.15 3962.03 2252.95 -1155.25 30803.5 14981.1 34779 34164.7 66087.3 18525.4 3228.71 2911.83 -17060.4 -3879.16 -62276.2 35629.2 926.297 -1623.16 -1218.24 -2350.75 -1877.11 1348.37 27881.3 51160.7 -36887.8 -8722.26 12477.7 -82245 -648.089 -15364 -13258.8 6729.54 7095.57 -10534 2442.8 3577.5 28494.5 14355.9 -11919.9 23612.8 -91119.3 -450655 117566 8688.72 3847.64 3025.41 13439.9 -254.877 -15354.4 -74880 19332.8 -202390 -7649.67 -6960.43 -19297 7913.78 27679.4 21464.3 -20133.7 17445.4 7331.13 -13148.8 -3486.53 872.681 16726.9 28973.9 62480.7 13310.9 -2160.05 -14533 11126.6 11574.1 8109.18 7585.64 4298.95 6119.18 -10437.4 -58071.6 -51596.2 32908.5 -52673.8 162732 24071.7 15253.1 -9553.49 33483.4 -6459.33 -177.955 6381.74 7550.74 9925.46 -11792.7 -46686.3 -6579.75 33562.2 49964.4 86137.8 -9412.66 -8571.86 -13353 -1139.71 -1807.23 -502.391 -29318.3 -814.22 7997.96 9642.56 1267.4 7141.31 -10220 -7064.4 10715.3 -8409.59 -13213.3 -113342 -3863.83 -11030.4 -73029 760.227 -5103.65 -6411.08 17715.1 19332.8 18238.3 -7460.05 4426.94 -6227.88 -13429.8 712.326 -13716.9 -556.019 -6982.16 -42395 -13315.7 10635.3 -27206.1 18475.7 19061.5 8903.43 2767.47 388.298 -580.802 32002.7 -12883.3 -3588.89 2680.96 -2879.78 5521.49 -90492.7 8441.4 103567 -106230 74101.5 -14839.7 5511.39 14516.9 -53856.2 -22214.3 -2861.56 -19771.7 -6592.33 3431.01 -11958.6 30541.8 -14143.5 42151.6 17822.7 52438.8 64631.8 -1772.03 -3329.52 3870.65 -42.7453 6988.19 -31546 -44997 56369.7 -89827.6 -30855.5 -1763.2 -33657.7 6411.35 17522.4 -6566.4 -7.56532 -2698.28 2139.54 1435.6 5680.64 -5084.29 18540.8 -36775 -15826 35137.8 -692.743 83034.3 35473.9 2205.17 7424.68 -227140 169053 -561351 -1561.05 36324.2 17580.7 -8705.78 14067.9 4233.82 122527 98504 -33545.1 -2851 18837.4 54688.9 -8357.17 17353.8 8913.39 9623.15 -9801.37 5143.59 1780.44 5989.46 9959.64 17141.6 -470.822 31914.1 1848.7 -25025.8 6675.54 

Total time: 2.080924

Graph file: /home/danav/develop/mc_graph/Problems/DrawGraph/sp250dv.txt

method: 3
iterations: 10
epsilon: 0.1 
vertices: 250
edges: 750
total edge weight: 25209.2 
total error: 42078 
73968.3 138869 275430 568541 1.21159e+06 2.64743e+06 5.90791e+06 1.34168e+07 3.09227e+07 7.21788e+07 

total tension vector norm: 79891.1 
layout:
11732.4 -10595.4 -6624.57 -7056.99 3076.61 4862.02 -20795.1 14945.7 23339.6 -637.867 -4315.56 -1868.13 -632.79 17705.3 -25967.3 10002.3 -26684.8 -23890.4 20515.6 -29751.5 -3504.7 -3213.23 5304.96 1728.18 -11271.1 15679 8213.08 -38479.3 -1649.07 2698.42 21044.2 19000.7 -15002.1 -68493.2 -2916.16 -10612.8 -38186.2 -322.552 -294.034 -52445 53897 40918.8 -1688.17 -11498.2 7187.8 -4793.33 4571.83 5982.92 -28152.1 4746.7 5402.23 30851.9 -24639.4 18307.6 7026.88 -5440.69 3611.67 21300.4 -9159.87 -6886.5 -10556.3 3608.9 -392.07 39872.7 -57233 23934.3 5434.86 2086.45 -739.478 18108.3 -19296.9 8163.56 3238.28 -8728.57 7055.83 -9816.44 -6430.82 -10051.7 17151.7 343.227 52697.9 -8362.88 -15298.7 559.172 540.826 -879.367 -239.281 57344.3 -21925.5 86239.2 5277.39 -1945.43 -10815.8 5400.5 -5149.76 -300.136 -240.975 -11393.2 6038.15 -43064.1 49033.5 -40652.5 -19764.7 21418.5 -20881.6 -9892.73 -4475.75 -546.691 32522.3 47512.7 -28975.4 -9442.49 6509.96 11465.2 -8195.94 45831.9 -51691.7 14449.9 -2003.36 -3162.95 35646.6 3262.7 -39904.3 9845.64 17094.1 -22134.5 18416.2 -13124.8 -5614.06 31678.1 -22153.8 -18196.1 -61409 22936.8 -5353.47 9961.43 2192.61 5863.09 -972.329 -5193.55 -17108.9 8808.36 -18109.1 -16586.8 -58917.8 2166.97 -4351.45 5546.08 11160.7 6376.85 12272.1 -5738.07 -3348.13 -7626.58 7478.56 745.853 119148 -11807.5 -23199.6 -18588.8 -10487.4 -8745.78 24390.5 350.001 -3503.48 -2753.48 2972.39 2424.17 -27082.9 -100453 74147.1 -2205.8 14416.8 -22975.7 -2615.16 -649.941 -1197.13 6142.2 -14222.8 8676.5 8321.17 -3775.38 6315.89 -4830 -8286.04 27956.3 -13560 20059.8 19391 85862.5 -340.524 30808.9 -9387.22 -533.217 -20983.8 -31952.5 16025.3 21308.5 236.736 639.829 -456.615 -9363.01 2626.17 -7032.26 11547.5 -9663.46 -124.973 -9123.12 5299.2 1429.93 746.72 13569.6 -21844.2 -9549.94 8329.87 -2047.73 16376.5 25852.1 -25562.4 -26147 9564.81 25199.6 -3388.27 -3076.48 -1303.18 3167.11 -16334.1 -8324.75 -6042.24 -8522.32 -3766.26 -60733.9 -17332.6 10208.6 31955.6 -26114 5052.9 415.343 -9096.98 4936.21 7951.5 809.354 10619.8 -215928 108828 -71636.5 3055.12 -8302.34 5550.93 -15910.1 2050.91 28800.5 3914.47 -303.316 1473.09 31683.7 -3992.11 -13519.9 -7132.53 -30418.4 -14616.4 -29214.8 -25110.1 25270.3 7150.16 -8362.27 6774.67 3672.07 20314 33002 -830.123 -6088.28 6131.96 -11797.7 18481.9 -17927 1896.38 -1108.99 -4405.03 -13301.1 23458.9 12057.8 10308.9 7723.83 3734.88 -33749.1 -576.319 -37556.5 -12310.9 549.893 1856.66 3793.59 -3948.8 -5793.02 8307.97 -1969.02 3099.32 7102.45 -8024.42 -7264.26 -972.6 8968.04 18835.3 55.1044 -5289.23 3046.84 19881.5 16461.7 15423.9 -9125.79 5439.48 -10084.2 -14594.6 -129.943 -1827.04 -11555.7 -88697.6 118924 25594.6 -14140.1 4977.34 -6315.71 15100.2 -15415.3 -10803.8 13709 -18886.9 -15892 17462.5 -29706.6 986.031 -2414.1 2148.12 -24875 5032.34 10027.3 -37370.7 -16619.6 -7079.5 -6795.75 -11477.7 2671.33 80406.1 27580.6 -44997.9 9350.09 1228.85 8288.03 -17314.7 -12052.8 -198.727 1104.46 44530.2 14518.4 -17187.3 6682.89 2543.63 120377 -76498.2 -3011.04 21609 4032.12 -10644.5 -66259.5 66466.8 -76551 -3752.86 -4191.93 6360.71 -772.716 9743.61 -10177.2 -11584.6 14464.3 2340.88 114729 8301.06 -252671 3649.72 -10520.4 5256.27 10829.6 884.087 3878.28 10405.7 29061.4 -3931.69 59260.3 -188670 265720 -636.18 5427.08 3435.46 -31078.4 11399.9 18557.6 -24615.3 -6320.29 2241.19 -3100.77 -2222.78 -6094.13 9984.2 -10550.4 13716.1 4760.51 -6412.11 2131.29 -17858.8 14255.1 -8775.29 23235.9 28888.4 -32329.6 -10421.4 2085.28 -15240.6 4078.52 -1025.05 6313.87 -18607.1 1983.04 -16263.8 -12330.5 3218.6 17787.7 36511.3 -2414.95 -2382.3 22.7083 289.583 687.318 -25088.4 3746.9 28517.8 -91833.5 33705.6 -20218 -3391.66 -7005.88 641.666 1181.39 -3729.32 8117.21 -40934.2 3837.45 -3600.11 11403.2 -28052.5 -6539.28 6668.97 -2115.84 -437.634 -21720.7 -16010.2 -16122.5 7536.49 3704.88 -12042.9 65181 -4960.06 13486.1 13407.2 -13461.9 -14823.3 69.5376 104.819 121.863 -56206.4 630.277 45173.3 -3247.78 32546.1 -12412.3 37262.3 -11622.2 -4555.08 14243.5 15357.7 24151.1 9286.67 12659.4 -3950.77 -1301.4 -2369.02 2679.59 4633 -78795.9 20904.6 3668.97 -1071.26 6404.74 9230.62 15779.4 9638.85 -13379.1 1417.61 23603.4 6320.03 1537.52 -2436.78 -25607.9 -12045.4 34985.4 6346.79 10912.4 -8229.05 762.835 -6568.81 -296.104 -524.349 -1401.69 -1191.26 94894.6 -58970.5 -77117.5 -3151.37 -411.33 -8935.62 -139.401 4807 382.236 -1595.12 517.908 -1007.34 -32661.5 -15981.8 2853.44 -56021.9 55262.7 -21982.3 -20358 -4133.75 32408.1 -89116.2 9727.61 -1272.85 11121.4 436.649 -4075.16 -5007.97 4697.69 -857.722 34679.4 30794.8 2527.36 59819.9 23206.6 21912.8 -992.544 3216.42 -6011.09 -9067.93 6979.08 4075.93 -11508.5 11444.3 -18528.8 -17663.2 -479.761 909.174 -256501 16889.2 23498.6 1996.23 -5524.83 -1651.54 11120.9 4286.33 -1239.32 71933.8 29271.5 67007 9090.15 -3627.39 -961.426 34623.4 7484.65 48935.2 15869.8 11538 21685.7 16440 -36164.9 -16368.4 -7622.56 -15247.4 10121.2 21435 5412.39 2925.99 8030.27 9363.07 -5742.7 7187.24 3031.86 -5044.83 -15643 -16308.4 6461.87 14583.4 13581.7 50474.5 3557.13 -6842.64 -8837.2 -5073.23 3051.44 -12210.9 5492.34 -8585.69 6364.2 -27866.7 8610.24 -19193.7 -56728.8 -17805.9 -82940.4 -9609.7 2564.25 -12779.8 -2769.19 -10221.1 -16840.5 -22232.2 24478.3 5496.93 6129.88 4874.15 -6034.17 4385.52 -8699.89 6907.34 -61051.3 33067.8 -67856.2 47448.4 7979.22 -3349.96 -5776.58 -1147.47 6160 7936.62 15293.8 -8894.78 -11405.5 -1453 -13133.9 -6236.44 32018.6 -8693.4 21581.2 -13185.4 -1108.88 18718.1 -74754.1 -103613 12610.9 -11509.1 -9912.85 1974.55 -2217.97 -401.955 17098.5 -11832.6 -26280.4 9718.13 -4384.95 1715.61 -71168.8 -26658 -10576.2 64111.5 -53473 123441 -38059.8 6354.65 108226 -7679.32 26150.2 20227.4 7850.42 27498 -4861.29 -61389.3 10657.9 -60512.5 26337.5 6321.45 -7355.71 -11568.6 520.838 3975.97 4680.15 14313.6 -54627.5 12.9822 -5117.79 -10893.9 93665.3 -50871.1 104520 1951.67 -2241.52 -9166.83 -2216.94 1043.76 2117.43 -355.831 3881.41 5802.97 -15506.3 15885.6 -1080.12 -39078.1 1530.56 3429.43 27202.4 13327.4 -3817.48 455061 -12616.8 63212.2 10565.8 2127.12 482.884 -7823.06 7708.64 3240.04 -21886.2 101676 -87726 -50236.6 51038.5 -7884.46 17435.3 -18780.7 -440.058 -16268.3 3321.62 10924.8 2467.73 -7655.96 5660.96 -26759.2 2024.84 -9796.73 -4646.45 -2759.2 -1963.16 

Total time: 2.391803


../Results/sp300dv_r.txt
Graph file: /home/danav/develop/mc_graph/Problems/DrawGraph/sp300dv.txt

method: 0
iterations: 10
epsilon: 0.1 
vertices: 300
edges: 2000
total edge weight: 84023.1 
total error: 149953 
83343.2 53680.2 39055.2 32515.9 28558.3 26012.1 24451.3 23128 22360 21561.6 
layout:
84.2109 90.5681 86.6421 127.7 87.6895 101.646 91.6414 92.6454 83.9038 75.5059 82.3695 88.0471 91.7054 87.3062 90.735 137.66 82.6525 65.4052 60.7513 79.428 95.6331 84.4657 78.0117 58.4833 60.876 78.7069 80.1227 55.7832 87.3413 98.8014 86.9493 81.382 59.9575 90.8119 86.9495 75.9628 108.454 74.9533 46.4248 77.8106 134.162 53.2215 93.9031 89.2589 92.3096 54.9776 65.6347 107.813 102.73 68.7478 72.5541 102.284 71.5365 38.9503 76.6103 82.2648 85.6372 95.1734 79.5334 93.7639 118.703 49.2618 80.0843 62.6421 51.8572 73.8625 126.327 78.5338 63.7999 84.9176 88.1855 98.3826 87.1205 52.4306 131.043 76.3293 53.0467 79.2983 70.6383 111.76 83.8936 100.632 132.503 60.1291 108.967 65.1366 98.9807 65.8079 87.8842 57.3904 100.558 115.544 57.0146 110.104 75.1043 97.8385 36.4263 122.259 65.3532 81.2 84.1321 91.6385 67.099 107.882 88.5035 111.541 128.773 68.8476 52.1321 131.739 92.7338 84.5299 94.4836 75.1192 116.962 99.9612 75.2466 51.0912 109.341 121.818 68.2661 42.9899 78.6628 32.3901 98.4393 85.2155 87.5831 67.715 77.0913 131.257 62.6016 69.4544 106.432 78.8009 89.1861 68.2932 92.2206 77.6197 128.528 120.773 76.4217 92.0469 60.9769 90.2695 100.417 78.0537 39.8364 85.1769 100.96 85.4011 64.3258 66.7029 51.4429 95.9872 82.8849 92.8774 90.0094 94.1812 91.6137 82.1656 87.2564 124.267 103.758 119.289 106.038 47.2806 107.227 42.2745 100.277 84.4919 76.309 57.3931 101.705 64.9382 92.3494 94.2182 110.213 93.5547 79.2207 74.8619 52.5131 55.5338 85.6441 84.7444 90.7255 86.1542 67.7923 76.7529 91.4635 46.9314 75.1389 103.574 88.1063 83.4416 94.8987 72.0755 101.465 78.0834 74.2084 89.5897 89.1369 77.5345 98.4036 89.0034 72.5305 93.4934 71.338 88.6712 110.961 76.4044 63.4995 86.3064 129.227 78.7997 93.5538 63.4702 43.2161 76.6862 97.5861 77.015 68.3119 72.4435 112.009 99.7376 118.237 75.8551 111.476 144.528 115.755 61.3072 97.0179 84.5205 49.9982 119.522 83.5991 74.2004 58.4985 97.1119 102.268 70.298 71.3764 121.68 65.4784 108.676 52.9719 78.6842 106.605 115.473 105.808 45.8924 108.665 116.128 81.7487 78.0326 81.223 94.2775 114.727 87.9764 79.554 87.4212 91.826 122.066 90.5751 90.9452 84.2417 86.6764 60.7495 110.195 69.4929 42.857 87.6806 92.3997 101.239 62.075 122.027 60.7355 106.555 58.4793 93.3107 104.804 82.4382 109.763 107.866 88.2057 108.77 72.1464 119.478 124.38 90.5869 83.9911 81.2431 91.6221 88.9665 85.1971 63.0485 59.8224 68.3868 79.5526 93.8051 90.7787 94.415 79.6809 113.592 72.4209 75.2323 71.8188 79.8068 117.492 65.8104 80.0794 87.9896 82.6725 79.376 91.0538 84.5991 69.1932 92.1034 74.7523 93.5883 100.573 88.2382 84.9367 89.313 100.872 74.4266 68.7343 101.021 82.2458 99.1433 81.215 98.8334 101.008 98.7314 84.7575 89.4866 87.6207 66.5007 129.334 71.37 69.9254 96.5832 132.127 88.9677 92.4957 81.9877 93.0648 104.948 62.9373 57.8348 55.3789 103.737 56.0741 99.1563 100.18 109.458 92.8317 104.936 132.155 85.3957 105.7 63.847 86.4842 51.9451 58.0652 84.3339 44.7967 75.6203 98.2194 66.1954 90.3597 96.7355 78.4543 84.7476 90.8751 49.606 83.7807 103.949 85.52 55.8799 103.517 62.099 97.8521 52.1186 113.14 56.4077 122.941 88.7317 104.491 84.2753 78.8972 81.982 85.731 76.8655 79.0354 90.6741 75.4195 84.5104 99.0676 126.538 104.601 121.715 85.6925 99.0155 99.7688 84.7009 82.5527 97.0275 88.467 103.095 68.0542 73.1845 112.201 95.9188 97.2222 80.9068 84.3272 82.9646 32.7986 91.1262 114.049 106.07 93.6814 74.5004 81.0073 100.468 93.7445 80.6359 100.112 85.0027 123.467 97.2343 99.0892 90.1707 114.507 87.826 78.1775 102.494 91.2432 84.3992 94.817 74.4787 83.3926 100.826 84.8998 134.416 82.4278 90.25 74.1975 79.944 73.1518 41.7986 78.1479 58.9996 116.884 65.8381 102.749 84.9355 96.4144 80.947 80.0902 66.1398 99.2832 74.2825 67.8648 73.8026 83.9089 65.2733 122.783 107.745 105.776 62.7139 81.4634 93.956 82.014 111.36 70.2151 136.945 89.1071 108.263 112.971 59.8668 92.7744 131.426 82.9203 60.1533 71.4654 73.8013 91.7335 78.0387 58.9535 47.8221 105.323 56.1215 73.7106 104.683 70.8975 114.041 116.518 49.9489 82.7713 74.9225 85.3253 90.9538 89.4124 94.3733 95.8001 87.3105 72.965 88.4584 115.628 98.2765 61.2885 103.807 58.9878 49.7383 52.4782 67.25 80.7239 79.5955 56.4542 70.2599 53.2736 81.1448 89.1697 89.0884 127.032 89.7676 79.1633 90.0707 67.1144 90.0977 82.3763 59.7058 54.5999 70.9042 92.216 79.049 104.976 97.9837 128.42 103.327 75.3174 101.275 111.324 100.472 106.592 93.7349 103.336 111.872 118.041 80.501 83.3725 82.6362 94.1152 87.0174 100.412 83.3422 114.398 88.0724 102.24 79.5394 72.086 63.4412 78.2168 83.2268 77.9015 83.18 100.942 109.478 77.6861 41.9627 95.932 88.9199 54.0831 77.4906 78.7772 116.301 51.5904 90.2115 85.3818 111.877 77.0726 59.0956 70.1916 80.7902 97.9301 88.9253 47.846 64.679 104.082 124.286 52.1006 88.6661 92.8703 100.905 83.2292 93.3055 114.372 91.3025 88.3346 61.016 87.1781 120.96 78.2178 77.7623 71.5506 89.7629 94.6058 85.7651 90.3471 35.5685 68.2205 68.8375 72.0454 82.7199 95.4597 80.3079 78.6982 133.134 79.0439 55.387 125.525 105.93 75.2297 71.3616 42.5101 73.5582 93.5816 97.435 95.2247 51.0142 81.2875 60.4006 84.0367 102.072 74.8024 85.0685 88.0498 70.6279 64.3454 92.0565 80.9011 74.4061 104.011 38.5489 93.9505 71.0789 85.3078 100.781 112.136 84.9922 74.7908 79.9564 94.2095 101.367 95.0797 88.9207 122.971 105.893 78.2334 93.0184 93.7905 83.7453 103.987 89.3021 74.909 84.1574 137.452 64.8305 54.8823 88.925 52.652 64.6988 86.3803 77.0293 112.72 122.407 88.8357 91.118 15.2039 71.0502 109.579 97.6352 87.8317 94.893 117.388 69.8214 87.2118 110.333 66.6495 86.8766 53.0007 74.0475 95.7896 77.3251 91.8828 81.7882 92.7929 84.5731 83.5179 52.318 91.5987 71.1079 58.5533 112.103 79.3826 55.3618 47.4904 87.8828 64.0506 86.6376 97.1038 81.1488 74.3936 77.5598 81.8252 135.059 78.7193 77.967 72.3751 96.0803 47.4076 105.759 87.2427 80.3009 86.6597 101.769 79.6443 79.6094 44.8409 94.2328 120.018 74.6719 90.6492 89.8048 40.2263 70.5909 137.544 82.9494 106.092 105.016 68.7096 125.426 89.4597 111.453 113.43 83.9136 88.8487 98.4552 91.5817 103.104 100.793 79.5148 83.008 112.857 88.6939 124.036 54.5825 122.682 27.526 115.653 58.1455 90.4851 84.5563 79.881 101.472 93.9433 72.8055 105.916 91.3891 108.014 88.5456 76.7571 63.6546 62.0781 86.4997 126.766 77.8905 130.543 81.1547 75.092 110.226 94.1709 86.8958 91.9724 90.4267 111.835 109.819 64.575 76.5134 94.7446 90.1488 89.0022 51.8572 101.276 84.3215 100.37 84.5621 88.7647 45.6798 78.3656 63.3948 91.2126 54.3835 57.8839 119.461 51.3039 88.4766 73.9808 81.9928 80.6482 101.425 69.7101 68.6665 90.4004 85.0217 64.4139 77.08 114.943 88.9762 83.3472 63.3738 68.3324 113.571 53.547 88.1195 93.0992 108.345 106.063 96.7773 77.5532 16.8483 112.146 80.4182 80.274 96.1642 88.7773 65.153 118.538 72.3151 108.635 104.659 86.3709 86.0834 83.3567 87.3445 84.7233 94.862 87.4842 98.1326 83.8782 100.42 82.6621 81.2762 92.6892 81.1018 75.4226 94.3052 82.9108 99.4149 81.8522 73.3603 123.636 136.964 63.5487 103.968 91.9356 70.655 81.1246 65.4047 100.88 88.373 138.517 81.169 99.4213 74.3818 102.354 76.2793 85.3976 54.7534 109.174 109.68 67.7315 94.2758 58.1731 81.4998 89.3254 64.3821 119.653 120.218 99.2136 92.038 93.5619 83.8248 70.9504 100.497 85.0591 50.9718 101.769 81.3098 

Total time: 2.812625

Graph file: /home/danav/develop/mc_graph/Problems/DrawGraph/sp300dv.txt

method: 1
iterations: 10
epsilon: 0.1 
vertices: 300
edges: 2000
total edge weight: 84023.1 
total error: 146425 
79178.8 52247.8 39336.1 33128.1 30047.4 28074.8 26684.8 25344.4 24223.8 23300 
layout:
82.0942 83.8081 85.8041 72.1102 106.899 115.368 80.2065 85.3901 86.6848 88.602 76.4988 69.5113 103.768 102.037 71.0366 91.3013 56.8147 76.0066 95.3204 69.0597 76.678 81.0163 78.6891 55.7809 68.0434 86.5569 58.2754 116.379 97.8866 60.7955 88.676 115.136 90.2065 86.4879 87.5845 101.043 65.8704 112.958 55.4608 52.0189 54.3472 103.692 102.552 81.5451 66.5078 48.8097 94.0916 73.8263 105.883 61.8351 82.2398 52.1353 79.9532 90.7361 82.0414 87.8891 87.8625 96.6121 88.1302 80.4496 43.8471 92.8329 70.4529 55.838 103.846 50.9288 126.669 126.519 89.7988 105.777 82.2692 69.2344 105.186 113.992 47.6957 55.9696 88.6109 104.951 100.917 73.2041 44.4032 117.539 57.9114 35.8216 90.1095 47.7246 91.7295 73.2286 49.2296 101.77 100.204 93.7925 114.656 87.5239 109.065 102.997 62.4117 70.9781 52.8029 64.4944 91.8505 85.1701 92.8 87.2026 97.1953 139.717 105.946 109.999 83.337 46.499 116.654 84.1423 102.466 95.0964 80.4599 114.249 66.0379 106.697 70.3409 90.4903 105.593 76.4212 46.0203 130.503 126.365 61.879 96.2299 106.003 91.4885 86.3603 44.3041 110.413 108.2 47.5359 70.1164 93.2459 87.1192 85.5323 77.724 57.2959 87.5444 80.5759 97.5645 64.3913 63.6904 99.1334 121.567 87.4044 90.5235 85.1632 90.385 98.4131 110.598 91.717 72.5089 73.1184 96.5369 83.3019 82.316 74.9507 124.322 75.9876 103.902 63.3383 112.173 105.452 128.697 90.9536 84.0803 87.3561 72.0319 95.0145 66.1294 91.021 88.4221 78.6117 59.9658 95.0697 84.4887 102.287 92.761 66.4607 133.576 95.0009 72.3267 74.3818 87.8634 100.83 85.0485 67.5699 47.7581 65.6023 85.6636 86.816 74.4597 92.0503 88.3705 91.7436 89.7384 89.2124 71.196 83.6843 95.0357 80.5243 72.205 103.785 79.1977 94.8799 92.5219 55.7636 103.087 74.0415 109.135 80.5106 102.441 80.7227 56.92 55.4118 56.4316 62.092 76.4253 63.6998 95.541 70.9583 121.695 68.1548 49.3284 24.2115 98.7978 33.7239 63.9208 133.365 81.9624 105.233 112.339 64.8518 73.6787 105.931 98.0229 79.9283 120.147 64.8024 54.7847 37.5272 64.0101 81.1893 81.947 125.781 69.9379 72.1306 117.312 60.3148 82.3383 79.8645 84.4269 95.8304 82.7095 68.7599 93.4905 97.1228 76.5769 131.369 81.7218 89.2757 90.4411 72.8817 81.0012 51.6846 108.593 61.6779 79.0582 83.4702 82.2055 92.3469 39.4859 82.7711 76.2692 62.2445 89.9639 70.145 70.0081 93.6061 74.0853 83.6621 139.381 97.2413 120.083 87.2065 83.0291 92.3554 96.9202 88.3763 87.1339 90.8288 117.242 66.6739 55.0279 86.1063 84.0791 79.8222 94.6359 104.795 124.694 83.295 98.7745 91.5586 134.691 83.68 94.8652 71.5756 93.9603 80.4333 91.8413 85.2089 84.2687 101.839 83.2702 99.7506 94.6719 82.2834 76.8362 103.839 64.6451 65.1846 94.8578 72.3897 69.8538 100.81 83.3525 74.4133 103.499 111.495 77.4291 78.4668 84.7509 96.53 53.8775 122.686 124.583 86.211 113.515 66.7084 85.6123 83.698 82.2113 91.2077 69.3801 83.6517 67.3877 105.389 45.018 73.1471 63.8434 60.883 100.978 76.9608 78.8539 60.5321 58.5698 94.6191 84.2885 47.92 94.6787 36.4571 91.3259 110.282 84.4331 114.522 81.9239 76.0727 102.735 72.3376 103.883 32.6374 93.6186 98.5665 91.5469 78.8297 91.5824 93.7243 44.4196 84.8148 38.7139 66.8463 69.6916 60.1777 64.8094 73.3454 88.6663 89.9675 94.5255 96.4926 89.9229 81.0585 91.9116 62.7816 100.553 129.934 95.8159 114.922 126.32 68.6666 80.092 96.5067 85.0836 76.5684 81.3796 76.4484 96.5042 100.872 98.8438 65.8473 55.5204 59.2548 88.6528 87.0056 80.661 148.352 120.521 80.4392 87.7917 81.0294 112.73 110.188 72.4053 80.6562 85.9941 73.337 84.0799 85.005 107.222 132.353 80.833 74.2524 55.2803 97.8389 77.4856 85.1934 71.2954 99.1946 101.261 80.4822 88.199 85.4314 116.175 61.7732 64.9544 80.2572 100.928 76.1967 73.391 36.2541 108.015 105.356 115.846 81.5347 81.0103 83.7143 76.0054 101.211 108.578 55.8322 79.3132 82.2907 64.4257 80.9455 127.393 80.0138 77.8656 49.1324 86.2747 80.7281 92.9155 87.3574 46.8091 104.49 47.0619 93.014 96.6178 58.6344 67.0879 104.35 53.8276 99.4808 86.4046 44.2757 93.8318 83.5491 92.087 36.5097 92.3703 106.859 41.4657 88.5769 128.912 114.902 105.552 64.6085 60.7587 62.9916 62.3489 95.3328 106.765 79.057 69.2243 74.3136 95.6228 56.9655 72.175 81.7019 102.638 99.6865 108.113 117.715 85.4594 137.521 85.5681 74.0392 60.1687 113.685 105.349 56.7463 92.0654 107.289 90.8574 110.383 98.8432 120.848 81.7604 99.7378 58.279 64.7816 78.1769 50.0976 100.72 90.5489 76.8992 94.3429 57.1989 116.416 52.8879 96.8351 92.633 103.174 57.0494 96.9608 98.7679 104.457 99.5819 95.244 71.4671 61.2673 87.8416 87.8279 78.3955 87.581 113.871 114.959 80.2109 86.6653 82.2544 69.5824 65.6332 86.8297 93.7813 88.2528 73.1699 87.4629 98.362 88.0513 68.5921 57.4457 55.9569 111.941 69.144 100.992 93.534 52.695 95.9342 77.4414 74.4371 82.4503 96.8815 127.474 99.4128 94.6336 70.4491 100.589 62.8099 74.4368 28.5336 111.264 99.2864 76.1314 67.8327 92.2236 104.353 104.147 87.1787 106.105 104.027 81.3717 42.4415 93.7932 102.74 88.1106 81.5915 85.8069 81.2848 98.3651 102.928 57.3918 77.0404 86.9743 82.5707 103.506 90.9901 73.7908 78.3861 143.719 58.7503 89.6166 47.0593 73.0229 91.9019 41.5833 81.8793 80.246 97.8519 100.363 54.935 98.4357 53.4964 80.1626 70.8994 89.5653 88.968 72.9695 68.208 96.5987 79.6981 74.8314 36.8667 84.1776 55.7137 87.2621 76.7416 91.4519 89.1786 52.272 62.7703 97.7318 82.5239 75.3369 86.1189 79.4616 89.6559 106.819 91.0625 56.9553 73.4408 95.331 93.0395 71.7462 79.7296 90.4195 133.878 94.0354 108.51 103.11 60.68 114.065 87.7857 104.711 79.623 127.78 97.0453 51.3675 46.6166 84.0108 52.5416 82.4284 95.0777 64.5687 96.0395 109.887 101.905 61.4854 101.981 72.8829 89.0815 120.87 107.442 87.8908 78.5339 99.9552 76.7635 79.8135 82.2095 62.2631 120.008 69.7075 84.3054 35.7312 112.933 81.2172 122.108 48.7558 74.5952 61.4369 73.9337 91.7665 73.5206 69.8177 65.9788 78.5587 117.703 98.489 82.6912 44.376 103.339 130.462 84.1305 80.9579 89.1001 85.7822 91.8011 84.758 92.9823 145.421 62.8362 72.312 94.9601 115.389 86.7318 73.4169 134.792 33.032 96.2082 81.9845 82.8193 51.0272 65.0082 114.295 112.234 127.574 75.2759 88.2805 93.8009 84.4028 68.498 87.3888 58.7823 61.1411 93.1256 110.21 32.0238 40.8251 75.5013 118.144 126.675 36.6153 95.1084 83.6051 75.7918 79.409 85.2085 83.0277 76.987 91.0838 74.6999 63.538 112.995 72.9935 111.835 117.645 128.862 105.7 102.23 56.333 73.9014 74.6286 80.3188 92.8718 90.3115 98.9213 94.7524 88.7156 125.162 93.188 77.8557 91.3672 85.0797 55.3027 34.4325 79.9923 83.6092 82.1751 116.015 71.0748 110.412 123.416 110.911 93.2927 108.226 92.7551 102.773 101.318 87.6877 70.7459 103.328 128.675 86.1021 99.0628 86.8319 90.3661 108.743 54.4371 114.468 63.057 91.3459 83.5528 78.5667 90.6344 60.0423 68.2584 90.563 70.2198 95.962 82.1894 73.3529 66.9029 64.9227 30.9668 88.2095 83.5355 82.8181 89.7996 125.274 71.4456 83.7754 103.503 77.3133 81.285 49.0514 62.7732 78.6373 74.0704 77.0475 97.6072 110.781 100.662 71.4202 84.9086 85.6019 87.3067 74.1696 93.2743 81.4612 78.3628 86.8824 136.589 115.399 76.1813 119.399 83.7361 80.9722 105.012 114.894 90.8333 140.746 84.2768 81.3615 88.0381 100.725 70.9327 96.0317 86.5679 90.3084 113.568 97.7126 53.7648 75.1347 109.938 76.9344 87.1507 85.2227 89.1561 47.0576 78.6847 60.9994 77.321 81.4614 99.4293 90.8174 79.6927 79.52 121.747 120.477 81.6369 

Total time: 2.771501

Graph file: /home/danav/develop/mc_graph/Problems/DrawGraph/sp300dv.txt

method: 2
iterations: 10
epsilon: 0.1 
vertices: 300
edges: 2000
total edge weight: 84023.1 
total error: 142355 
363414 997787 2.85342e+06 8.4322e+06 2.561e+07 7.95566e+07 2.51805e+08 8.0989e+08 2.64189e+09 8.72701e+09 

total tension vector norm: 1.96613e+07 
layout:
619490 -2.51442e+06 -1.17708e+06 279284 -53042.2 1.89713e+06 346923 2.92057e+06 -464121 289292 -787568 572463 -367073 118318 -48593.2 -917979 741968 97261 484399 157678 718126 217095 268057 780989 -62556.7 -2.61517e+06 -1.84948e+06 74985.1 630482 -215445 1.69809e+06 -1.97165e+06 -471628 -80027.4 -4.33836e+06 1.04418e+07 -547827 -797090 358647 321897 634348 1.7123e+06 -3.75519e+06 3.36373e+06 2.87125e+06 -1.37274e+06 1.03956e+06 -865423 5.89308e+06 4.33937e+06 -3.34349e+06 -405375 17916.4 442235 1.44224e+07 -6.50975e+06 1.5924e+07 1.82801e+06 2.57527e+06 -2.10541e+06 306552 56084.1 106741 248858 202373 -758299 -566627 -55294.5 -62613.7 -134903 1.16618e+06 -2.44052e+06 -771195 -94571.1 -208541 -224525 337388 928845 -1.63338e+06 622788 416095 184795 -299061 351720 82.3926 320899 270364 -2.23198e+06 -107866 -1.02464e+06 618491 -123041 -719268 -262282 -1.55899e+06 -951012 117018 -52495.9 75893.8 -1.27785e+06 1.38489e+06 -1.55238e+06 -7.46032e+06 -1.44888e+07 1.65512e+07 1.57429e+06 858092 981722 -384864 -495423 127374 -32680.3 28325.6 -225999 -352718 647406 -386250 -483985 466298 -2.09313e+06 -356389 -522162 446156 -325409 618021 3492.03 721856 964528 -1.55474e+06 107674 -297549 27296.3 -32116.3 103102 128525 3.81445e+06 865792 3.24881e+06 432169 -454432 53466.2 -1.88745e+06 -3.31721e+06 2.0119e+06 566481 1.12816e+06 -1.41162e+06 1.0607e+06 1.49684e+06 1.2686e+06 -2.78369e+06 -3.22086e+06 1.22219e+06 -202852 -506237 -107575 1.35733e+06 -3.0611e+06 1.50195e+06 -318373 1.20225e+06 -2.04674e+06 -409170 -838783 -1.15935e+06 282529 407808 64382.3 1.05531e+06 -1.3648e+06 2.3338e+06 -215458 2.13414e+06 -1.88739e+06 -151637 -379850 -109349 -333003 1.65356e+06 -2.15796e+06 -507021 675663 -569930 -535433 -1.79841e+06 363242 5.6753e+06 5.20649e+06 3.12018e+06 -257143 218867 -590386 -753963 -743166 -411434 764008 -394390 -389912 225379 -2.6921e+06 -1.40856e+06 3.68869e+06 -4.82279e+06 3.92649e+06 -2.25531e+06 -2.07787e+06 744839 -1.02243e+06 3.22172e+06 1.28787e+06 -1.59691e+06 -2.37127e+06 -1.96486e+06 -142812 -760946 66165.7 1.62102e+06 1.35441e+06 1.04593e+06 -1.68648e+06 892046 -1.58014e+06 -51754.8 260270 294424 -323790 -251799 84010.3 81080 -54096.5 -95051.4 -262761 -1.03309e+06 652539 -451593 -73907.6 157460 1.49876e+06 512943 -577114 -511376 -202511 3318.32 945849 -580699 -549309 663285 1.41074e+06 -732621 -2.24389e+06 -1.52628e+06 1.72809e+06 -243395 -264311 -518798 135420 727366 -1.97056e+06 112871 -565709 -737479 -214066 -101238 -323570 167014 421865 -1.26438e+06 -226900 469377 -1.50013e+06 764632 -314344 260256 227822 539980 11000.3 629186 -1.06923e+06 -2.00723e+06 -111830 -130926 -1.21298e+06 -2.06301e+06 -1.40078e+06 -1.13663e+06 305170 397055 -188598 -66657.2 -3.31014e+06 -1.4248e+06 1.55999e+06 -870176 -15048.8 478179 128119 -503826 -1.83747e+06 1.00688e+06 -978332 581773 -5.84272e+06 1.67441e+06 952224 -50350.1 144342 -973521 -1.59122e+06 -127787 -1.79226e+06 1.92864e+06 -1.70654e+06 -7.38865e+06 3.4253e+06 -2.41357e+06 -614869 -1.54154e+06 578287 -704055 732677 761129 -141771 -319654 191876 -562051 564007 -674192 393823 87447.3 -1.08631e+06 2.04358e+06 -1.19953e+06 -3.78547e+06 658103 339051 244515 130925 -462631 -99335.8 -87584.9 295056 346017 -151162 778465 672408 81225.8 -436113 -2.96512e+06 3.85689e+06 662699 -2.85478e+06 -1.72612e+06 637910 -2.67682e+06 -713834 -1.54539e+06 2.28982e+06 1.75667e+06 567565 2.30755e+06 -107004 -330018 676103 -327104 -464984 651635 98253.2 393001 264670 661875 105690 -554550 279660 -382647 23052.2 2.73381e+06 2.91894e+06 -4.17592e+06 -89970.2 -243162 -112959 -156171 144961 -905948 -476620 236681 -554060 486438 -1.15819e+06 950032 -1.16841e+06 -1.26443e+06 -381443 -360906 -12250.8 252631 -1.94707e+06 -26605.1 1.24346e+06 375784 435415 438595 54237.9 -210760 159050 775999 39454 -1.18123e+06 1.07858e+06 5.32117e+06 -4.88323e+06 -677716 -176321 421847 -885751 478306 -86322 -3.30318e+06 -2.16526e+06 1.45729e+06 1.68514e+06 5.86063e+06 -2.09155e+06 393469 -1.75188e+06 -1.03307e+06 -1.75036e+06 228315 2.93487e+06 2.70088e+06 -1.55069e+06 3.32654e+06 -1.74922e+06 2.14221e+06 -913229 885197 -1.50794e+06 1.94132e+06 362420 79467.4 647337 -1.28824e+06 557571 3.01509e+06 -349290 459219 -184503 -561912 985696 -1.78898e+06 -573588 930704 589104 -2.11836e+06 834496 -2.23814e+06 4.22971e+06 -3.19296e+06 1.65286e+06 617428 1.98831e+06 658059 -4.90448e+06 -5.84125e+06 -2.34756e+06 624769 -331763 1.18559e+06 -280027 53641.6 -819635 -1.56488e+06 600043 -1.35964e+06 240245 -347956 338228 -2.23564e+06 1.22317e+06 3.35015e+06 1.09423e+06 -1.70078e+06 -1.26585e+06 -718162 17998.7 657600 1.55432e+06 -2.07803e+06 -1.22959e+06 -347341 152159 -793714 -173121 178656 146114 351662 -65705.8 595875 -389150 -481530 152408 -475909 928342 -945051 526044 -27178.3 97656.7 600319 -1.00631e+06 -705409 -209485 972784 -339605 -835270 -1.89665e+06 345404 1.34669e+06 -622900 1.27852e+06 804767 505625 -486254 365181 260730 658144 960124 -197909 -109300 29915.6 743339 263631 3.57779e+06 1.53729e+06 -2.53468e+06 263118 -1.30059e+06 210011 -296590 20812.8 163336 -863771 -321458 -672820 -1.87316e+06 672112 1.88372e+06 -1.31391e+06 -1.64189e+06 -1.61768e+06 -15350 1.33998e+06 2.25555e+06 4.21613e+06 5.94337e+06 -1.10621e+06 603183 197652 1.076e+06 -997209 2.86698e+06 -560121 -372816 883494 -268732 -469779 -2.23461e+06 325276 -572766 -378732 276579 440618 357267 -47653.3 -756024 -704887 373304 12761.5 -194570 587608 -311577 262009 -784415 -317562 -177586 68317.4 285280 689822 -181335 -632618 612160 975401 496746 437759 -2.18512e+06 -233320 121186 325258 -805502 -3.98704e+06 1.34852e+06 -95951.8 -983593 167642 -152860 2.44823e+06 -84952 -1.07188e+06 -1.35137e+06 -1.72392e+06 -243517 113598 -270409 514900 -168732 490513 -696625 -694586 -2.50864e+06 203855 8475.61 -9868.53 -239433 -373360 -1.18322e+06 58187.5 319104 76086 -873377 -538168 -1.32544e+06 -186648 1.71184e+06 1.70408e+06 265717 -61311.8 78632.4 -527074 724904 786110 -295020 -2.3756e+06 -1.25529e+06 121248 -1.18285e+06 -543677 -460450 -268993 1.42378e+06 -26832.2 49696.7 1.61874e+06 1.81786e+06 1.86804e+06 -2.37688e+06 227022 -1.93951e+06 -1.5504e+06 -105112 -797248 558091 3.7472e+06 -554792 -1.07542e+06 -2.12245e+06 -1.98771e+06 1.18821e+06 -552018 136750 -141246 110055 94671.7 672132 -2.07706e+06 277192 2.1421e+06 376465 401495 84179.1 315686 -892530 -478570 569737 2.23578e+06 -287367 -204684 441480 -684138 -534058 -99540.3 211012 693471 -276523 -102609 -337339 -198413 -222380 240726 274766 1.08338e+06 -1.58369e+06 1.7159e+06 -2.36005e+06 592988 1.4204e+06 -19486.8 3.4187e+06 1.80947e+06 4.23771e+06 -516227 2.68944e+06 -3.19354e+06 435.755 -381380 397838 -37698 2.37591e+06 296164 -558224 1.28146e+06 904075 183317 -718889 -562070 460821 -60168.3 -351186 875528 159017 -353227 -521764 273676 1.52288e+06 -833331 676132 -688754 469571 -124136 -72622.1 981826 -768051 -900004 499.121 185875 98149.6 -430292 582831 -744844 -1.11102e+06 550046 809607 272240 816709 307510 -1.96575e+06 2.18368e+06 -487545 -188196 433679 592444 520183 -566514 -246178 -1.86166e+06 -124808 246170 578410 -2.13537e+06 -953161 2.71035e+06 -198259 -4.03085e+06 -235805 1.81323e+06 -1.66238e+06 1.07661e+06 1.81603e+06 98932.6 752569 -1.07891e+06 628201 304156 -723.454 396244 673993 990072 -910160 -1330.64 -1246.8 152351 -2.44507e+06 901472 -1.64126e+06 -1.18798e+06 95105.9 -624839 942952 -89478.8 455657 3614.82 76050.3 -247083 1.75419e+06 4.57604e+06 -3.75071e+06 1.58531e+06 4.70452e+06 -3.31511e+06 -1.23436e+06 1.79486e+06 92261.4 -3.91405e+06 2.3439e+06 321923 734080 -588498 530683 285776 366297 -230307 -439596 -1.54663e+06 2.15331e+06 533605 170124 667243 498970 -463189 -1.90337e+06 -198399 -434293 449863 551223 -112806 512573 1.57763e+06 -146917 -2.86513e+06 -194992 2.45349e+06 -1.74341e+06 -193101 391694 -1.03961e+06 -448916 -877480 -146134 -222843 267050 -960390 -1.09243e+06 468245 -749869 1.32757e+06 -2.01773e+06 514613 257238 2.84603e+06 4.69882e+06 -656912 -1.7179e+06 89245.5 -624053 345324 1.02361e+06 466185 2.10611e+06 1.49812e+06 -2.71635e+06 506175 -3.50658e+06 487030 -1.01643e+06 897712 98614.9 -59070.7 -255138 254931 -495464 -403584 -65461.8 235467 -271650 -168903 -902462 173964 1.27962e+06 -1.03412e+06 -103774 -1.18118e+06 -522116 1.9072e+06 437606 -347190 5749.95 -90304.5 602823 664430 -778932 -281060 265309 

Total time: 2.716911

Graph file: /home/danav/develop/mc_graph/Problems/DrawGraph/sp300dv.txt

method: 3
iterations: 10
epsilon: 0.1 
vertices: 300
edges: 2000
total edge weight: 84023.1 
total error: 147547 
377679 1.02498e+06 2.88111e+06 8.34887e+06 2.48627e+07 7.58323e+07 2.36151e+08 7.49218e+08 2.41774e+09 7.92711e+09 

total tension vector norm: 1.75794e+07 
layout:
751966 131497 2.43533e+06 629011 1.29158e+06 -1.38854e+06 1.5979e+06 -214269 -2.56966e+06 1.63998e+06 68554.9 1.84742e+06 645987 -442292 935170 354122 -356417 -250136 469393 619218 -927163 -384703 -349865 -268321 -302018 -619862 -752797 322070 -190685 427358 -969370 -1.36575e+06 -2.25366e+06 4.86975e+06 7.78895e+06 -639147 -642149 -127562 -2.21817e+06 -786893 -236528 -479598 1.92096e+06 -3.22385e+06 -3.74506e+06 1.84894e+06 2.15213e+06 -62583.2 245770 3.71159e+06 4.87994e+06 419996 1.12005e+06 -1.94255e+06 -2.31461e+07 -1.70387e+07 -5.45931e+06 -273931 506653 2.26609e+06 -305920 108535 -260242 62339.6 -1.05599e+06 -160344 33699.5 -103165 74924.7 -50894.8 -1.7554e+06 2.69263e+06 -485760 388327 -105348 -280171 -133056 388300 1.11554e+06 2.81217e+06 1.78178e+06 -268199 419888 160418 87731.4 -237859 -230975 -805051 -55789.1 979919 597706 -76241.9 -329807 526511 358900 477440 75407.8 83610.3 147888 -1.54901e+06 766763 1.6483e+06 -561780 -9.55182e+06 -2.73012e+06 -1.82076e+06 3.22116e+06 -587686 135899 440531 667407 -169757 111444 1.11755e+06 438954 141955 -412392 891753 2.38786e+06 252737 -229975 208888 372963 -378525 -113830 494202 2.35778e+06 1.36626e+06 1.40919e+06 -476250 102137 -223782 -125585 363081 37459.8 -343803 180823 447711 -421027 82477.1 -19962.3 -84312.1 566482 -3.98788e+06 272574 640246 -213924 -2.80366e+06 1.08657e+06 -2.19173e+06 -956895 1.99499e+06 -532305 1.13296e+06 -658237 643492 -1.60302e+06 97459.2 -480881 555248 -265318 373809 -1.20725e+06 -1.24205e+06 -850489 138545 398756 453324 -449524 -301032 -1.08362e+06 1.82848e+06 197771 72457 -458556 21088.8 570616 1.63289e+06 1.80502e+06 -362316 613330 272833 27326.6 -1.79672e+06 627749 1.37916e+06 408425 -2.36295e+06 -2.79448e+06 7711.25 28166 70004.6 -443923 -304075 2.26288e+06 322265 609556 148180 526898 713709 -1.34718e+06 -5.75788e+06 -1.81277e+06 -3.66459e+06 2.30082e+06 -1.58128e+06 2.67452e+06 392844 1.84664e+06 -620501 -331019 -1.83706e+06 879325 65861.2 61429.8 -795084 2.01972e+06 1.13382e+06 -1.29345e+06 -1.25147e+06 -3.6128e+06 3.05652e+06 -344126 -110978 -540979 -312879 -491464 -130735 -235788 -333775 -148186 307861 -748807 -219476 -463937 -507040 1.11434e+06 -544721 -85807.6 -710548 21902 -695033 154554 -1.13452e+06 1.59899e+06 -1.19976e+06 -412540 392555 554597 79959.4 -696041 -114273 -1.57806e+06 -322299 -1.3679e+06 1.00414e+06 1.57508e+06 2.10818e+06 818147 324020 1.11958e+06 -477086 -174737 176137 -437609 -758499 1.53375e+06 3.17899e+06 1.2168e+06 -772496 -820687 224130 -306179 641.713 71314.4 -354982 -61618 895679 -457117 449867 810090 -970238 1.27845e+06 978687 479878 138985 597620 -33884.6 3.08e+06 189957 344495 -491040 -557742 -450289 44282.5 622892 -584871 1.92465e+06 651013 166817 83492.9 -2.70837e+06 -887078 -263962 1.02029e+06 318814 -287028 -1.7336e+06 -311350 3.33972e+06 3.36709e+06 861588 3.31327e+06 -298643 -2.43119e+06 53107.8 -1.20933e+06 1.50012e+06 671401 -1.22109e+06 676514 -300126 665648 -42690.8 1.63848e+06 1.07803e+06 642860 -967479 493374 125093 2.86297e+06 -5.60892e+06 2.89212e+06 -1.15942e+06 -754482 -1.44033e+06 -746841 234299 465593 -530839 -1.24414e+06 -43971.6 -481734 -53520.1 -149709 712461 942478 -2.17591e+06 2.18999e+06 -133795 -2.73184e+06 -380928 -2.64628e+06 -904280 -1.4088e+06 -2.65393e+06 1.9073e+06 -1.62506e+06 -1.55933e+06 -25944.5 -207127 -11507.5 141661 90165.5 163822 77400.3 -278711 -563250 378660 -644783 -547300 -120862 -467059 -361243 -303979 -1.55819e+06 938702 -1108.54 -726446 -1.02568e+06 69040.5 729060 351232 115280 1.47167e+06 650140 383452 -1.57579e+06 731315 266230 -364880 611743 -523865 -182527 562333 -155818 291965 -569099 -1.71145e+06 -501205 32242.6 -269319 392092 90643.7 346844 -430388 -910697 877829 1.6953e+06 1.05156e+06 174338 163039 -516688 -38628.6 484391 -834318 -3.94993e+06 7131.21 -5.16606e+06 1.06386e+06 -1.70557e+06 -852915 -246655 1.63558e+06 1.34544e+06 649815 -1.03893e+06 -2.72294e+06 742919 1.20606e+06 -974466 -823862 1.99377e+06 1.62958e+06 417915 -529728 1.0812e+06 -2.96933e+06 -687267 358585 544070 2.65631e+06 -2.86823e+06 1.74515e+06 -317779 -182805 137600 1.05903e+06 1.38849e+06 -284769 -244642 444482 -68829 3.09172e+06 1.51083e+06 -637543 -4.6066e+06 -1.01546e+06 3.66521e+06 -1.46831e+06 67887 -577822 1.88564e+06 -1.63014e+06 -2.47701e+06 -614481 2.08259e+06 -1.0367e+06 39083.1 -216389 330634 1.5242e+06 1.14055e+06 1.02148e+06 129464 -220865 122808 3.30385e+06 -5.09557e+06 -1.89772e+06 -1.19696e+06 -2.54117e+06 -374203 -1.43252e+06 -1.33354e+06 -806418 2.27819e+06 2.29537e+06 -1.31733e+06 76989.5 646610 453507 118476 173734 -21227.9 -161917 27423.8 -463902 -969422 538656 523560 -715379 424355 631261 -242189 -245338 447491 -1.01323e+06 -475299 571577 442219 13630.9 75798.3 131489 -297547 -637139 2.07636e+06 331739 849344 -315240 548536 464347 -172891 218763 81880.1 -274338 -139401 -500207 672399 -189275 177627 -47867.4 1.48839e+06 1.37976e+06 -612762 -2.04489e+06 1.98785e+06 333665 322306 -117567 391704 -850094 772676 2.23512e+06 -470261 727333 -63249 -910262 1.23764e+06 906769 -329429 1.68166e+06 -5.15228e+06 5.02975e+06 -5.30077e+06 -627147 -184953 -446189 -1.89105e+06 -616436 -1.64108e+06 -919569 707037 -887888 -33811 84524.2 798698 -20892.4 470689 -96538 225325 -68291.3 196888 47375.9 -699149 -245038 -180207 -549624 -280713 479535 -962921 521910 364257 -488343 -359043 652426 494178 -408801 -1.49594e+06 -510857 -176443 597244 1.97752e+06 -510099 -520216 -4001.9 364294 -998278 -1.23206e+06 -795723 -966836 -1.15689e+06 -1.807e+06 -721213 1.03365e+06 506306 2.24944e+06 2.54483e+06 -1.40983e+06 -276644 -218941 -28274.5 378609 456205 1.18544e+06 263955 407324 267643 -54940.9 469123 -70130.3 729175 813641 -271344 35039.2 291704 -122191 1.16014e+06 220433 3.1389e+06 -857896 1.19633e+06 -924743 -592959 188700 133888 412556 -395603 474191 -2.42822e+06 -1.93925e+06 -1.17297e+06 -987816 29462.7 814188 403544 -139157 501772 -173695 496768 -143066 -237446 924517 -986754 -414421 -1.22494e+06 -124282 -438674 -621686 -850135 525466 -741450 1.29514e+06 1.53171e+06 55714.7 851569 1.3743e+06 924016 -1.57141e+06 -354431 -954618 25499.3 -6.86697e+06 -7.28502e+06 4.96894e+06 92750.6 73289.1 575401 -216349 -233017 -287088 -328868 -2.66484e+06 -1.32053e+06 167705 -614965 174031 745363 2.00921e+06 -1.71158e+06 -31646.8 -474300 -307217 172381 -170281 123442 -834198 -672884 -372088 2.29452e+06 615764 1.70421e+06 752870 497914 -533651 941952 2.04011e+06 -745613 3.3852e+06 890750 959463 128264 271627 -474992 43328.2 986982 -1.19616e+06 -1.35717e+06 255497 -251153 443324 433051 724798 303144 484609 -1.43349e+06 -527383 657262 1.30926e+06 -487835 -591225 -101441 735371 994359 771708 -222278 28620.1 -400687 -405809 983877 20435.6 403497 315331 96266.5 941715 248385 -471403 343886 -2.10295e+06 1.50011e+06 -615698 841939 434369 1.63613e+06 2.62172e+06 1.2705e+06 1.41431e+06 2.01725e+06 733235 43089 542364 461868 859749 646710 2.60858e+06 -2.84651e+06 -1.11782e+06 -2.83382e+06 -3.61579e+06 -23945.4 -2.07256e+06 460941 206897 -213242 40724.2 569557 -156477 -1.04287e+06 -2.67814e+06 -371305 -176822 1.86414e+06 -1.13952e+06 400091 215181 -209710 144875 31988.8 7587.41 3.13371e+06 1.48398e+06 1.82343e+06 318553 280429 -85512.7 -2.24044e+06 381261 -438282 -98374.5 -63991.4 29873.4 6.3823e+06 1.08231e+07 1.62193e+06 -1.30656e+06 2.53659e+06 3.07424e+06 1.67987e+06 1.80184e+06 585181 -289345 941698 246289 -1.41428e+06 862856 130892 -50988.6 -650786 842481 896410 -1.83257e+06 -720140 -129808 430163 -778589 -230532 187074 -65571.3 -110046 203821 -1.42539e+06 119070 914626 -240961 392060 1.93318e+06 1.60856e+06 -1.17251e+06 1.7733e+06 890282 403964 -768939 -2.16217e+06 -163307 224926 403560 -108104 1.28203e+06 1.54614e+06 1.57385e+06 927655 215035 -797075 -1.73301e+06 216816 486958 509637 3.51995e+06 840332 -659426 281270 -541335 -514522 69755.1 2.23389e+06 3.17372e+06 2.00338e+06 1.06746e+06 209868 1.3314e+06 -1.87219e+06 -531614 10111.8 -258556 -294607 273120 402692 -173920 662950 -151166 -492376 642928 70695 -972106 590345 -159257 70712 610186 -11564.9 -843022 359753 -275391 -199608 401580 596837 671271 -1.39417e+06 196339 -293846 102972 

Total time: 3.051365


