100 nodes
200 edges
AaBc 169.813673 AaCd 167.495158 AaDc 150.289829 AaDr 0.322839 AbCr 164.722641 
AbDn 92.326058 AbDr 0.831206 AcAl 1.151556 AcAq 188.406645 AcCc 124.493139 
AcCs 73.008844 AdBa 96.089824 AdBh 184.661408 AdBu 174.138008 AdCc 122.834187 
AdCo 71.057321 AdDs 188.316879 AeAr 190.179496 AeCi 124.375259 AeCy 170.912761 
AeDv 191.300561 AfBj 185.357737 AfDc 170.311777 AgBg 185.155047 AgBr 175.563395 
AgBw 174.625007 AgCa 125.520484 AgCo 72.105527 AgDd 172.537859 AgDn 138.045274 
AhAw 96.076390 AhBd 95.907173 AhCk 71.263464 AhCr 72.111386 AiAr 189.311729 
AiBf 95.571359 AiBn 185.852426 AiBw 173.896515 AiCx 171.795224 AjAt 189.258996 
AjBh 185.128761 AjBr 175.845267 AjCf 124.280826 AjCz 171.486573 AkBh 186.226100 
AkCu 171.513323 AkCv 172.219079 AkDi 137.786301 AlAx 94.414496 AlBj 185.544766 
AlBp 185.513336 AlCk 72.164858 AlDe 136.887570 AmAx 190.673152 AmBb 190.761978 
AmCn 168.255640 AmCt 166.890562 AnBo 30.224216 AnCg 107.378367 AnDn 168.590979 
AoBk 30.551365 AoBr 143.097435 AoBy 143.625806 ApBi 30.656589 ApBu 144.933425 
ApCv 98.753776 ApDk 170.201127 ArBz 143.836807 ArDq 111.322281 AtBx 144.592578 
AtDf 168.743445 AtDl 168.685504 AuBq 143.757978 AuCz 98.468021 AuDf 168.148605 
AvBp 29.865416 AvCd 105.516743 AvDd 100.216237 AvDk 170.106630 AvDu 110.862498 
AwBu 143.872820 AwCp 146.734352 AwCr 147.720741 AwDh 137.230440 AxDj 134.783882 
AxDk 135.449158 AxDo 167.619557 AyBa 0.290383 AyCo 146.201860 AyDk 136.897842 
AyDu 170.787798 AzBa 1.992657 AzBt 144.016558 AzBy 143.280382 BaBv 144.491394 
BaCc 179.781247 BaDc 141.068345 BbCt 146.040141 BbCy 139.679256 BbDl 135.365488 
BbDp 169.148261 BbDt 169.124227 BcBo 199.129672 BcCc 179.540213 BcCx 142.118117 
BcDn 137.333374 BdDp 168.933540 BeCg 180.458609 BeDu 169.861533 BfBj 198.157980 
BfCl 146.140181 BfCv 140.685991 BgDk 154.849312 BgDv 100.414236 BhBn 1.412899 
BhCc 100.571729 BhCd 99.761412 BhDj 153.483456 BiBk 0.423268 BiBy 136.687089 
BiDb 123.965714 BiDs 100.420493 BjBu 137.189723 BjCq 154.843218 BkCx 123.908393 
BlBv 136.281263 BmBn 1.896999 BmCb 99.120461 BnBr 137.303543 BnBw 137.977659 
BoBq 136.072558 BoBy 136.638124 BoCv 124.146879 BoDh 153.447376 BpCd 99.959011 
BqCy 162.906794 BqDp 45.915457 BqDr 45.126363 BrCu 163.416300 BsBu 1.134759 
BsDo 44.093478 BtCu 162.784036 BuCe 184.950065 BuDd 163.201784 BvBz 1.277961 
BvDk 67.741244 BvDl 67.228805 BxBz 1.541933 BxCp 160.276807 BxDq 43.726238 
ByCm 161.206991 ByDi 66.083918 ByDj 66.013700 ByDl 66.736227 BzCn 160.263104 
BzCr 159.299083 CaCb 1.281812 CaCd 1.625283 CbCh 0.581314 CbCj 0.315716 
CdDo 168.441968 CdDr 167.429712 CeCl 97.778908 CfDf 169.769733 CgCi 1.210515 
CgDd 144.429905 ChDj 170.754668 CiCt 97.051649 CiDn 169.302199 CkCn 1.360765 
CkDh 111.408268 CkDi 112.737634 ClCt 1.218554 CmCn 0.679949 CmCq 1.812797 
CnDt 166.670970 CoDu 165.416032 CpDt 165.319894 CqDj 111.687544 CqDk 111.963039 
CsDr 165.389899 CuCz 1.941941 CuDs 151.425741 CvCw 1.645182 CwDf 191.763230 
CwDm 192.440575 CwDt 151.217935 CzDc 1.888375 DcDr 150.278093 DdDf 191.958054 
DdDk 192.979069 DeDo 93.299693 DgDk 0.697055 DgDo 93.908177 DgDq 93.479963 
DjDn 0.794760 DjDs 91.632764 DoDt 1.575169 DrDu 1.621450 DsDv 1.778792 

74.803323 -34.794695 -55.052927
75.171241 -35.702886 -55.490749
-72.849690 68.965176 0.682204
-73.177075 67.328771 0.325385
-73.675809 68.933078 0.439164
-72.145651 67.890165 -0.000000
-72.822301 69.219861 0.180945
-73.064097 67.268699 0.022327
-72.762985 68.333316 -0.949052
-73.671945 67.598439 0.436357
-72.886471 69.251185 0.000000
-72.301826 67.959805 0.559093
14.916245 -97.292903 10.887320
15.090353 -99.065261 10.220482
15.562409 -97.725406 10.336899
13.898068 -98.369244 10.821826
15.114030 -97.327888 10.980986
15.149557 -98.857300 11.605378
14.603478 -97.958505 11.718929
15.359856 -99.108938 10.484063
15.888605 -98.177929 10.821826
14.145946 -98.668448 10.277631
11.875641 93.377737 36.549466
12.056398 91.742310 35.661508
11.664991 93.374099 36.497544
11.549463 91.430842 36.383643
11.954813 93.379438 36.480310
11.565879 91.832406 35.596117
11.627265 93.170130 36.982245
12.431096 91.735237 35.940936
12.749923 92.765233 36.383643
12.053636 91.435007 36.552109
6.302129 -97.138480 -18.436741
6.454922 -98.052245 -19.866206
5.913126 -97.044448 -18.746943
6.832325 -98.729587 -18.916350
6.334891 -97.029566 -18.779327
5.995598 -98.875045 -19.380146
5.972973 -97.174116 -18.382922
6.097950 -99.000227 -18.881225
7.141092 -97.900139 -18.916350
6.568178 -98.855280 -18.609834
80.274054 9.459673 -59.427850
80.856553 8.791417 -59.432128
79.787498 9.397269 -57.969010
81.481829 8.720821 -58.533614
80.314695 10.070293 -58.715187
80.761195 8.347649 -57.928585
80.602271 10.111746 -58.649527
81.372942 9.078098 -59.120903
81.270027 9.827992 -58.533614
79.993658 8.410725 -58.948435
-83.185633 -55.866992 -0.947142
-82.776592 -56.902372 -0.311756
-82.392778 -55.157346 -0.352453
-81.923301 -56.255559 0.000000
-82.153774 -55.511666 0.526099
-83.166843 -56.312066 -0.889312
-82.570740 -55.847789 -0.945302
-83.106896 -56.916724 0.166385
-82.299164 -55.142101 0.000000
-82.963537 -56.952005 -0.062228
-78.563933 25.304279 -57.311961
-78.767282 24.144573 -56.078937
-79.241641 24.637889 -56.444319
-79.464958 24.330795 -57.008371
-78.018820 25.190527 -56.683991
-78.188218 23.913810 -56.155627
-78.172985 24.680991 -57.907996
-78.588654 23.368290 -56.918742
-79.403368 24.703023 -57.008371
-78.335989 23.369451 -56.914427
28.806915 -36.649397 88.658570
28.724253 -38.471093 87.923733
27.847163 -37.346944 88.744482
28.159547 -38.377110 88.163946
28.402157 -36.550099 87.986637
28.626482 -38.501477 88.103251
28.832741 -36.706268 87.589839
29.402623 -37.858199 87.614375
29.281801 -36.731496 88.163946
29.310455 -38.074356 88.646554
28.757455 39.074161 -87.138387
28.546875 37.380047 -87.858247
28.204422 39.291921 -87.582030
27.873903 37.629225 -87.822367
29.279795 38.770432 -87.281399
28.839154 38.198766 -86.886943
28.634917 39.325858 -88.129213
27.940125 37.701890 -87.390007
29.138830 39.176612 -87.822367
29.099209 37.662392 -87.412602
76.008013 -34.383141 -54.332254
75.677250 -35.985555 -54.755613
76.186683 -34.175670 -55.352865
74.777122 -35.116469 -55.052927
75.208492 -34.320382 -55.463685
75.913240 -35.928165 -54.623935
76.081316 -34.935530 -55.999202
76.441626 -35.600204 -55.538092

A text graph