50 nodes
100 edges
AaAf 117.519068 AaAi 118.602105 AbAw 69.425092 AbBi 103.537391 AbBj 102.026881 
AcAt 57.796032 AcAx 57.232532 AcAy 57.258852 AcBi 99.839112 AcBp 99.616653 
AdAr 153.581343 AdAw 55.870955 AeAj 1.891843 AeAx 57.230158 AeBq 187.520530 
AeBw 186.740776 AfBh 162.837285 AfBi 100.221149 AgAq 153.680151 AgAz 56.859291 
AgBb 163.259293 AgBk 99.125673 AgBt 188.453752 AhAt 57.343576 AhAz 56.816905 
AhBq 186.138222 AiAk 153.275279 AiAv 57.132867 AiAw 57.314614 AiBs 186.904704 
AiBv 188.835999 AjBo 98.352289 AkAs 146.828789 AkAy 147.198572 AkBe 153.914816 
AkBg 153.975035 AkBj 191.815728 AlAw 148.263631 AlAx 146.689026 AlAz 146.829061 
AlBd 154.972322 AlBp 191.605515 AmBc 153.762885 AmBk 191.145434 AmBr 67.257054 
AmBt 65.986385 AnBp 191.316404 AnBq 65.703963 AnBr 66.993831 AoBf 153.156517 
AoBi 192.813340 AoBu 67.429758 AoBx 68.586720 ApBt 66.067089 AqAs 146.639026 
ArBk 192.152512 AsAx 1.917969 AsBn 92.487765 AsBo 91.745908 AtAu 1.305163 
AtAw 1.803188 AuAx 1.606328 AuBq 174.800889 AvAw 1.809081 AvBd 126.476955 
AvBo 90.158305 AvBw 173.556732 AwBf 127.144249 AwBh 127.562052 AxBk 90.802786 
AxBn 91.631863 AxBw 172.837454 AyBc 127.566826 AyBe 126.585213 AyBf 127.030579 
AyBv 176.708258 AzBv 175.261146 BaBs 127.890235 BbBt 127.776144 BcBh 1.746789 
BdBr 128.464290 BdBs 127.725415 BeBh 1.905630 BeBu 128.133449 BfBg 1.768651 
BfBl 109.969682 BfBt 127.790478 BgBr 128.846932 BhBk 112.061656 BhBp 110.806255 
BiBl 1.775290 BiBp 1.927624 BjBk 1.845548 BkBp 1.428642 BkBw 190.739292 
BlBp 0.701243 BlBv 191.699262 BnBx 191.582405 BoBw 191.225944 BsBx 1.987540 

-53.922262 47.825541 68.801033
-54.791275 46.503445 68.876751
28.830643 96.369715 -0.787829
28.224705 95.238380 0.605938
29.696444 96.254207 -0.000000
29.221172 94.920169 0.390529
28.830643 96.736159 -0.187110
29.033237 94.795743 -0.202594
29.566786 96.430646 0.000000
28.308146 95.080029 -0.522497
58.160284 -35.107117 73.304434
58.767960 -36.545980 72.323014
57.160287 -36.032398 72.930689
57.797013 -36.892593 72.567419
58.160284 -35.245712 73.545164
58.350130 -36.997933 72.740844
57.403385 -35.381117 72.930689
58.012814 -37.012659 72.783219
-9.428582 91.396941 41.885300
-9.802463 89.730701 41.683197
-10.396406 90.831108 41.309316
-10.073117 90.168202 40.664781
-9.428582 91.494453 41.712831
-9.388363 89.581099 41.269097
-9.681029 91.547091 41.309316
-8.760344 90.252500 41.977554
-89.876676 -6.240881 42.616937
-89.273979 -7.510364 42.679630
-90.864669 -6.832882 43.282326
-90.518210 -7.407934 42.640791
-89.876676 -6.387061 42.482564
-89.254641 -7.462925 42.660291
-90.027751 -5.998856 43.282326
-89.473046 -7.808455 43.685955
-63.130336 72.049997 -31.112375
-63.829873 71.200272 -29.702431
-62.203871 71.722587 -30.401967
-63.286121 70.370776 -30.557752
-63.130336 71.574226 -31.375624
-63.087288 70.348060 -30.445015
-62.549238 72.160039 -30.401967
-62.794852 70.465921 -30.066484
12.655730 -81.790322 56.335682
12.393491 -83.180192 55.710616
12.887961 -81.278844 55.448377
13.350924 -82.434288 56.143571
12.655730 -81.961157 56.405298
12.400662 -83.184178 55.703446
12.695286 -81.252287 55.448377
12.644442 -83.251377 55.437088

A text graph