60 nodes
120 edges
AaAg 96.219225 AaAu 197.485416 AaBb 11.268208 AaBc 10.765052 AaBl 161.257623 
AaBs 16.597750 AaBw 162.000736 AbAg 94.775200 AbAj 95.926647 AbAu 195.651075 
AbAx 10.524652 AbBg 158.551261 AcAg 117.583585 AcBe 22.249878 AcBf 21.628657 
AcCc 173.508005 AdAg 117.597536 AdAy 177.281149 AdBm 172.108800 AdBz 136.201093 
AeAl 115.233268 AeAw 175.809935 AeBa 175.539954 AeBg 22.299034 AeBt 169.652784 
AeBz 135.366271 AfAk 117.194715 AfAw 176.871653 AfBb 175.654860 AfBe 22.880375 
AfBm 171.569610 AfBs 171.641912 AfCb 133.834972 AfCd 171.597572 AfCf 171.881301 
AgCb 185.007463 AhAm 1.803476 AhAp 168.314299 AhBk 101.989718 AhBm 104.067562 
AhBr 103.043852 AiAz 95.384315 AjBh 102.713620 AjBn 105.230486 AjCf 96.418794 
AjCh 95.690673 AkBp 103.418797 AkCc 95.960999 AlBd 95.858087 AlBp 103.418445 
AlBu 184.164723 AmAu 168.299047 AmBg 101.739030 AmBh 103.230215 AnAz 96.942076 
AoAx 194.144708 AoBa 195.271918 AoBr 198.057093 ApCf 197.324692 ApCg 198.538292 
AqAv 1.793490 AqBc 195.022741 AqCb 140.023312 AqCf 196.066761 ArAv 1.448067 
ArBx 141.939875 ArBy 141.996726 AsAy 196.254545 AsBe 127.881644 AsBw 140.525682 
AtAu 1.850947 AtBa 196.720023 AtBq 200.823308 AtCg 198.735486 AuBo 198.880364 
AvCg 198.730349 AwAx 1.708369 AwCb 167.675585 AwCf 11.486786 AyBf 164.347834 
BaBu 167.410844 BaBv 167.760132 BaBy 166.298180 BaBz 167.200634 BaCd 11.599059 
BbBm 27.459989 BbBz 165.990483 BdBp 26.622820 BdCf 11.418097 BeBk 1.345593 
BeBn 158.808724 BfBh 1.379061 BfBv 137.481612 BgBo 157.676063 BgBq 157.802990 
BgBr 156.892812 BgBx 139.014094 BgCa 138.743774 BgCe 159.396088 BiCg 159.149342 
BjCb 137.510547 BjCh 158.696319 BkBx 138.294838 BlBt 158.288617 BlBx 138.394999 
BmBn 1.912969 BnBo 1.832011 BnBr 1.294241 BnCh 17.238141 BoBv 153.144445 
BpCf 16.314285 BrBu 151.352176 BrBz 151.356341 BsCc 17.509274 BvBz 1.436061 
BwCg 161.509823 BzCf 161.562860 BzCg 162.425187 CdCf 0.713923 CdCh 0.228657 

-0.591478 99.854873 13.761704
0.151330 98.071720 13.913034
64.823514 -39.738498 -65.801372
65.523966 -40.084643 -65.523966
64.807153 -38.947901 -64.823514
64.135106 -40.176213 -65.511922
83.754148 55.480589 0.537576
83.047125 54.621974 0.707023
82.842552 55.048461 0.000000
84.284046 53.975243 0.529898
83.754148 55.421185 -0.621000
83.149523 54.118861 0.604626
84.629386 55.121067 -0.000000
84.098881 53.764266 0.344733
15.156437 -97.174451 14.291201
14.749802 -98.493920 15.563073
15.997913 -97.135519 15.156437
15.861672 -97.748542 15.861672
15.156437 -97.477281 14.176343
15.292143 -98.657226 15.020732
14.370080 -97.058043 15.156437
15.070904 -98.668472 15.070904
0.000000 97.703612 24.817606
-0.198855 96.105849 24.246524
-0.553641 97.898247 24.047669
0.270382 96.141485 24.318052
0.000000 97.211591 25.036939
-0.377803 96.220193 24.425472
0.999170 97.106220 24.047669
0.534506 96.410811 24.582175
69.472662 -18.484762 -70.461973
68.766418 -18.679989 -68.766418
69.418699 -17.632039 -69.472662
69.393365 -19.624274 -69.551958
69.472662 -18.336889 -68.516762
68.825419 -19.033265 -68.825419
68.712181 -17.981221 -69.472662
68.847627 -19.098196 -70.097696
-10.564548 100.060811 -0.784265
-10.994237 98.646197 0.429688
-9.626427 99.786691 0.000000
-10.235032 98.555605 0.329517
-10.564548 99.856414 -0.909352
-10.080245 98.711756 -0.484303
-9.865656 100.155612 0.000000
-10.242690 98.549985 0.321859
-68.892822 -22.267034 -69.857886
-68.631584 -23.458302 -69.154060
-68.983136 -21.533137 -68.892822
-69.489129 -23.066484 -69.489129
-68.892822 -21.531805 -68.818639
-69.557718 -22.869384 -68.227927
-69.267062 -21.601718 -68.892822
-68.614078 -23.448073 -68.614078
0.000000 99.764399 14.459960
0.283721 98.132579 13.477983
0.763179 99.694739 13.761704
-0.411214 98.235036 13.350490
0.000000 99.477242 12.858252
0.423431 98.247669 13.338273

A text graph