70 nodes
140 edges
AaAd 1.787055 AaAq 136.139384 AbBf 190.536212 AbCh 185.224547 AbCr 1.939766 
AcAj 160.523275 AcBf 190.277517 AcBw 132.158719 AcCa 96.540603 AdAe 1.900815 
AdAn 161.877917 AdAq 137.501255 AdBj 43.794270 AdBo 42.383160 AdBv 132.624525 
AdCh 185.772142 AdCm 186.530348 AeBw 131.830746 AeBy 95.046917 AeCr 1.517328 
AfBb 87.904613 AfBw 51.326690 AfCh 122.456381 AgAh 1.889343 AgBb 88.304357 
AgCk 122.383878 AhAn 1.037351 AhAs 166.135225 AhBl 181.634572 AhBn 181.309480 
AhBo 180.146490 AiBe 88.158386 AiCi 122.363115 AjBh 181.886642 AjBi 180.494607 
AjBt 52.027508 AjBy 195.741644 AjBz 196.774551 AjCd 197.470356 AjCg 196.209036 
AkBf 87.630649 AkBp 52.682414 AlBm 180.296697 AlBx 50.725767 AlBz 196.761584 
AmBc 87.192735 AmBr 53.343239 AmBu 52.880871 AmCp 122.793776 AnAo 166.892701 
AnBs 51.921879 AnCf 197.105709 AnCk 121.013329 AoAx 178.659431 AoBa 178.790154 
AoBv 181.896751 ApAr 1.029890 ApAu 1.981936 ApBc 178.776247 ApBs 180.506579 
ApCj 184.179154 AqBe 178.528781 AqCe 98.235887 AqCn 185.411975 ArAu 1.832741 
ArBw 181.935259 ArCk 184.829856 AsAv 1.874298 AsBf 177.282304 AsBh 135.368563 
AsBn 134.801126 AsBs 180.168646 AsBu 181.407607 AtAu 1.901179 AtBh 134.216799 
AtBq 179.909633 AtCe 96.511600 AtCk 184.251822 AvBd 179.134501 AwAx 178.076324 
AwBm 134.371535 AwCl 184.261412 AxAy 1.841011 AyAz 1.845615 AyBn 192.709350 
AzBf 0.932964 AzBk 191.293835 AzBl 192.694027 BaBn 193.552788 BaBz 192.046273 
BaCg 191.523799 BbBz 191.451609 BbCd 192.388295 BcBi 192.622277 BeBn 193.889500 
BeBo 192.621633 BfBr 109.929883 BfCf 191.479129 BfCo 44.721197 BgBr 154.861103 
BgBs 155.749326 BgCm 177.395567 BhCf 63.566346 BhCi 177.270160 BiCd 64.671952 
BjCd 64.526404 BjCm 178.652999 BjCp 177.366119 BkBn 1.620574 BkBo 0.773428 
BkBv 155.225581 BlBt 156.281397 BmCa 64.253066 BoCa 64.591524 BoCm 177.508375 
BoCq 42.453436 BoCr 41.761022 BpBt 0.296682 BpBw 1.651872 BqBt 1.226307 
BqBw 0.935744 BqBz 187.560512 BrBw 1.866588 BrCn 129.722135 BsCr 131.982545 
BtCb 187.635974 BtCp 129.102940 BuCo 129.462847 ByCm 175.766027 ByCo 175.556827 
BzCo 175.894634 CbCe 1.741405 CcCj 174.991380 CeCi 175.417511 CfCq 95.327086 
CgCh 174.285951 CgCp 174.336217 CiCm 1.847555 CkCl 1.980712 ClCo 1.993217 

56.154271 -58.803778 -56.794116
56.074650 -59.915666 -57.397819
56.647257 -59.038665 -57.626993
57.253689 -59.966200 -57.590119
55.985881 -59.062165 -56.499942
43.326576 90.398005 0.337153
41.956229 91.025842 -0.769076
42.291310 89.787391 0.617854
42.804338 91.415659 -0.339066
41.560864 90.022571 0.000000
41.807559 91.199640 -0.497331
42.451593 89.610802 0.291154
42.236240 91.510767 0.284083
41.479242 90.367701 0.335221
-71.018211 -10.496453 -70.544390
-69.885866 -11.738225 -69.602285
-70.250192 -10.114815 -70.403975
-70.903903 -11.673619 -69.744058
-69.866706 -10.192331 -70.273244
-69.582198 -11.537501 -69.693388
-70.406746 -10.466486 -71.030372
-70.073614 -12.022802 -70.619013
-69.510148 -10.522404 -70.550988
0.678070 67.690541 73.211061
-0.487119 68.608386 72.120549
-0.128218 67.708478 73.691424
-0.751702 68.575465 73.595017
-0.997275 68.309095 72.964264
0.653455 68.904736 73.512578
0.120231 67.661336 73.646130
-0.223816 69.277082 73.351925
0.227770 67.412685 72.881362
33.490732 -86.845794 -34.131338
34.198158 -88.591634 -33.548577
34.075610 -86.963752 -34.613810
34.062704 -88.702974 -34.046243
33.592460 -86.782081 -33.960395
33.286382 -88.187162 -34.525960
34.124458 -87.384288 -33.029948
34.455409 -87.852812 -34.817784
34.352329 -86.803066 -34.103047
81.390467 56.434920 -0.286610
81.702562 57.290654 -0.823348
82.105505 56.071710 0.410692
81.431902 57.207756 0.625985
81.320441 56.466087 -0.000000
82.792799 57.577034 0.515943
82.323146 56.432354 0.823609
82.630171 57.407081 -0.783319
81.239856 56.921789 0.341428
-29.918097 -89.747899 -29.801466
-29.306187 -91.243866 -28.992476
-29.906589 -90.585741 -28.760028
-30.058758 -91.634806 -29.462827
-30.638209 -90.300054 -29.734724
-30.291992 -91.414822 -30.202328
-29.897312 -90.377491 -30.656806
-29.252825 -90.995305 -30.569398
-30.461521 -90.094806 -29.470192
-0.755816 27.485819 95.701532
-0.488036 28.297461 95.131324
-0.062872 27.147860 96.333192
-0.080310 29.074502 96.044015
-0.188176 27.097877 95.976627
0.675782 28.550942 96.543675
0.161742 27.716099 96.893909
0.038315 29.077072 95.910263
0.087116 27.084319 95.944919
56.456736 -58.638958 -56.916912
57.294113 -59.575785 -55.928096

A text graph