80 nodes
160 edges
AaAj 172.805197 AaAu 99.436422 AaCa 116.004756 AaCh 111.977638 AaCv 0.698312 
AbBu 195.901339 AbCv 171.528426 AcAl 191.742897 AcBf 132.811756 AcBw 197.358328 
AdAh 0.591844 AdCu 168.175300 AeAf 1.924925 AeBg 131.971764 AfBl 142.380342 
AfBo 143.428149 AgAv 98.905182 AgAy 99.852139 AgAz 100.318735 AgBy 195.683275 
AgCc 196.987001 AgCn 170.485799 AgCs 168.949522 AhAr 190.717141 AhBg 130.522846 
AhCa 196.311061 AiAv 98.022221 AiCx 170.369544 AjBr 143.987416 AjCi 89.620932 
AjCz 171.700698 AjDa 171.710465 AkAv 185.227332 AkAz 186.320258 AkBj 110.488724 
AkBo 153.584613 AkBr 152.978167 AkCj 185.266852 AkCx 141.558326 AkDa 143.092992 
AlCm 142.141183 AmAp 1.707297 AmBi 112.032632 AnAz 187.911932 AnCe 187.499149 
AnCo 141.626383 AnDa 143.989331 AoBq 153.844973 AoCa 34.865465 AoCb 34.381625 
AoCq 140.621490 AoCz 141.917106 ApAy 187.387578 ApBc 111.514176 ApBi 111.553081 
ApBx 33.851030 ApCw 144.633343 AqDa 143.169323 ArCh 186.570477 ArCu 142.018118 
ArCv 143.177287 ArCx 143.037710 AtCd 19.793997 AuAw 0.682340 AvAw 1.527143 
AvBa 1.739171 AvBj 186.479876 AvBn 64.736019 AvCd 19.026493 AvCl 19.132387 
AvDb 98.631267 AwAz 1.675636 AwCo 158.125177 AwCx 99.608491 AxBi 186.407460 
AxBl 65.701186 AxCd 19.526748 AyBa 1.184959 AyBp 63.901493 AyCh 18.585644 
AyCk 18.080543 AyCw 97.949782 AzBb 1.261759 AzBo 65.370388 BaBb 1.805896 
BaBx 176.325444 BaCv 99.414218 BaDb 99.326566 BbCj 20.778885 BbCq 157.468846 
BbCr 158.486500 BcBg 0.228973 BdCm 159.914142 BeBo 189.125403 BeBy 137.921698 
BeCf 178.939075 BfBg 1.683005 BfBx 136.706644 BfCn 159.375298 BgBi 0.501418 
BgBs 187.596928 BgBw 138.576599 BgCa 138.131917 BgCc 138.625542 BgCg 180.279875 
BgDb 196.711432 BhBw 138.917215 BhDb 197.743954 BiBn 187.383612 BiCn 159.770843 
BiCs 158.531537 BiDb 196.615943 BjCj 179.538591 BkCd 179.484116 BlCv 69.305142 
BlCy 69.575464 BmBp 1.681145 BmDa 69.857208 BnCk 68.640972 BoBs 1.584152 
BoCx 70.956407 BqCp 166.332465 BqCt 166.115479 BqCz 71.564938 BrCk 68.441577 
BsBx 137.150945 BsCe 68.142304 BtBy 135.204095 BtCj 68.205298 BtCo 163.493360 
BtCp 164.682456 BtCy 70.158560 BvCv 117.272115 BwCx 115.456047 BxCh 177.383965 
ByCa 0.757159 ByCl 177.350696 ByCp 132.228374 BzCt 131.718830 CaDa 117.019654 
CbCt 132.461435 CcCw 117.511659 CdCf 1.238461 CdCm 167.238328 CdDb 112.073727 
CeCi 0.327514 CfCi 1.151971 CgCh 1.915305 CgCt 169.282839 CgCy 113.289471 
ChCt 167.533257 ChCw 111.286779 CiCk 1.455697 CiCo 168.111198 CjCy 112.862573 
ClCo 167.125923 CmCn 1.963524 CmCs 1.083919 CpCv 117.130883 DaDb 1.086132 

73.145864 33.709351 -60.543222
-87.121815 47.791343 0.154133
-87.208490 49.591550 0.550194
-87.314671 47.762336 0.015878
-88.059991 49.358270 0.274611
-86.695786 48.001250 0.221919
-86.823166 49.025607 0.835434
-87.406123 47.947154 0.570638
-86.567248 49.029066 -0.619470
-88.064396 48.110952 -0.000000
66.387711 -48.104282 55.705904
66.903702 -49.752274 56.635628
67.278189 -48.648386 55.225921
67.514523 -49.596943 55.792873
66.170433 -48.204822 55.823139
66.991539 -49.870804 56.382808
66.823746 -47.955036 55.923047
66.538679 -49.885933 56.272640
66.008874 -48.335856 56.052611
-8.949232 88.062118 -47.078964
-8.143499 89.148113 -46.184079
-8.552201 87.495907 -45.811400
-8.794569 88.947169 -46.220377
-9.074349 87.848234 -46.763189
-7.706892 88.449433 -45.606216
-8.016168 88.073518 -47.419787
-8.364004 89.156194 -46.293835
-7.317617 87.691710 -46.440867
-42.986395 -49.602344 74.827140
-43.040294 -51.436037 75.221570
-43.288461 -49.634993 74.977815
-42.448268 -51.271096 74.456971
-42.765895 -49.662988 74.838556
-42.789582 -51.314344 75.297405
-43.087368 -49.616797 74.456534
-42.503089 -51.156596 74.178453
-42.146688 -50.409422 74.705567
49.892780 83.792113 -18.073966
49.664309 85.210334 -19.026191
50.003929 83.856583 -18.449254
50.491515 85.489158 -18.377409
49.802365 83.788010 -18.140649
49.891110 85.778115 -18.013383
49.979083 84.365294 -19.026205
49.148178 85.264226 -17.568466
48.989970 84.232610 -18.133614
87.413491 -35.371414 31.756626
87.691919 -36.823910 32.732743
87.999831 -35.973584 31.061864
86.750106 -36.902591 32.148189
86.891962 -35.632141 31.626088
87.038322 -36.373259 30.995397
87.607488 -35.440954 31.468735
87.908795 -37.233297 31.550410
88.287164 -35.695377 31.861322
-16.763033 93.371265 -29.684718
-17.345617 94.225815 -29.469671
-17.977395 93.447411 -29.453828
-17.662353 94.664770 -30.233532
-16.875590 92.926033 -30.071700
-17.040765 94.115215 -29.515471
-17.658332 93.408367 -29.348428
-16.743165 93.896534 -30.923543
-18.269551 93.053545 -30.295795
12.922190 -65.146406 -73.952017
12.978224 -67.101132 -74.129030
13.128084 -65.159091 -74.045361
13.864466 -66.585934 -74.171788
13.950179 -65.964856 -73.529208
12.802141 -67.033018 -74.251382
12.871836 -65.661814 -72.999809
12.269605 -66.306775 -73.232593
12.027597 -66.059890 -73.866097
72.918144 33.557201 -59.900857
71.981396 33.760557 -61.514183
72.101118 32.598769 -60.454047
73.000569 34.024380 -60.851857
71.817108 32.659359 -60.665333
71.732988 34.137229 -61.270018
72.315123 33.241229 -61.464920

A text graph