90 nodes
180 edges
AaAo 179.427817 AaBr 167.560916 AaCu 114.265994 AbAq 179.593462 AbBb 137.276475 
AbBf 138.021953 AbBz 175.657595 AbCm 146.772747 AbCw 116.772085 AcAo 180.098138 
AcCv 114.886941 AcCx 114.690985 AdAw 159.102408 AdBo 165.595271 AdCf 148.461828 
AeBb 136.638856 AeBi 138.259329 AeBo 167.038877 AeBq 166.368789 AeDj 1.983465 
AfBq 165.908155 AfDe 160.753359 AgBh 137.846760 AgBm 167.280761 AgCb 175.085163 
AhAi 1.610612 AhAq 1.529667 AhAr 91.667426 AhBu 157.979270 AiAo 1.432110 
AiBw 44.797620 AiCb 43.512294 AiCd 44.108180 AiCr 93.667340 AiCs 94.634999 
AjBa 89.967685 AjCa 45.113815 AjCb 44.727971 AjCk 179.015979 AkBx 43.439016 
AkCg 180.132250 AkCw 94.165384 AkDi 160.131455 AlBq 156.520060 AlBw 45.316770 
AlCp 94.974927 AlDd 160.825427 AlDf 160.375284 AmBa 91.638507 AmBn 159.232388 
AmCf 181.195445 AmCl 181.123754 AmDk 179.744089 AnAs 91.222098 AnBz 44.047655 
AnDh 161.938913 AoBa 91.497490 AoBb 128.188440 AoBp 159.318789 AoBz 44.416043 
AoDf 161.805218 ApBk 130.404880 ApCo 179.699469 AqBg 128.376685 AqBz 44.042550 
ArBs 113.902626 AsBi 181.741670 AsCa 127.691970 AsCb 126.998159 AsCj 143.081554 
AtAy 2.000000 AtBc 182.957226 AtBj 181.922326 AtBm 114.124498 AtBt 114.697583 
AuBa 0.554849 AuBh 181.192163 AuCr 105.980741 AuDj 157.904587 AvBf 183.529500 
AwBk 183.536929 AwBp 116.111985 AwCq 108.031065 AwDi 112.621918 AxBt 115.526676 
AyCe 128.740284 AyCf 144.335632 AzCi 141.684397 AzCz 112.064964 BaCj 142.972202 
BaCk 142.927425 BaCm 143.376747 BaCr 105.869730 BbBi 1.791736 BcBh 1.993808 
BdBh 0.484166 BdDj 138.148961 BeBm 192.669166 BeBz 92.592724 BeCd 92.126402 
BeCw 122.963051 BeDe 194.516094 BfCm 184.495378 BgBv 92.409356 BgCm 185.401180 
BhBy 90.771073 BhCe 90.848140 BhCz 194.852614 BiBj 1.468828 BjCz 194.520498 
BkCq 122.964875 BkDe 194.152616 BlCd 174.903532 BlCz 9.390658 BlDg 9.592286 
BmCk 43.582294 BmCw 184.686314 BmDd 10.874003 BnBs 1.836045 BnCm 44.080067 
BnDa 10.538925 BoBt 1.979935 BoCp 182.559362 BpCn 42.668823 BqCf 43.401438 
BqCg 43.205251 BqCh 42.706883 BqCy 183.375594 BqCz 9.649813 BqDd 9.665361 
BrCe 175.822823 BsCu 182.910389 BtCd 175.158554 BtCf 42.864757 BuCm 43.154835 
BuCz 10.147611 BuDh 10.384794 BvCz 178.287023 BvDg 176.534614 BvDj 175.546348 
BwCi 188.929209 BwCr 101.215795 BxBy 0.999872 BxCq 99.517505 ByBz 1.196000 
ByCe 0.723228 ByDi 177.198689 BzCc 1.784715 CaCm 189.675097 CaCz 179.726344 
CaDd 179.766902 CcCj 189.538974 CcCr 99.990757 CdCn 188.899559 CeCv 100.853558 
CeCw 100.849817 CfDg 41.764329 CgCt 191.024380 ChCm 1.961379 CiCs 192.220817 
CkCl 1.989449 ClCu 192.085655 ClCy 192.968787 CnCw 193.441251 CnDj 147.916977 
CoDd 41.305488 CrCx 0.562823 CrDf 180.816855 CsDb 182.642888 CtCy 1.579308 
CtDg 179.756335 CvDe 179.668248 CwCx 1.979049 CwCz 183.377628 CwDj 116.409899 
CxDe 179.679685 CyDa 181.294928 DcDi 0.336256 DeDi 0.724183 DfDi 1.663285 

-71.963838 32.438074 60.961190
-73.175135 30.949845 60.580178
-72.341726 31.724170 61.912168
-72.345119 31.562951 60.020657
-72.673088 32.710919 60.977444
-73.640089 31.565893 60.961190
-73.270377 32.354212 60.510981
96.020145 28.519798 0.880929
95.701829 29.891270 0.098747
95.422751 27.973599 0.226073
94.948991 29.516269 0.000000
95.132088 28.228381 -0.437252
95.453874 29.319470 -0.861871
96.042125 28.824504 -0.948576
96.541535 28.955377 -0.586772
96.517375 28.275235 -0.000000
95.943441 29.862555 0.152231
71.671352 -36.712794 60.502756
71.766151 -35.307121 59.211900
71.628681 -36.850854 59.916284
70.718792 -35.249061 60.003209
71.769163 -36.808748 60.192199
71.815926 -35.744624 60.947708
71.202401 -35.985679 60.946945
71.388928 -34.872931 60.090475
70.666021 -36.399734 60.003209
71.116375 -34.987534 59.717921
-8.085265 87.119716 -46.438910
-8.516216 88.550372 -46.501171
-7.823919 87.004554 -47.486985
-8.857457 88.640529 -47.133205
-9.113463 87.677504 -47.716333
-8.148638 88.654270 -46.633949
-8.071836 87.169319 -47.868831
-7.681808 88.431962 -47.590235
-7.669247 87.036104 -47.133205
-9.082668 88.102903 -47.693959
3.974197 -100.515142 -5.997376
4.088974 -99.459955 -7.484677
3.715781 -100.708098 -6.510508
4.576186 -99.094373 -6.564402
2.987066 -99.835117 -7.147738
3.956591 -98.870154 -6.051561
3.997182 -100.454141 -7.202168
4.427329 -99.096421 -7.027478
3.207997 -100.525527 -6.564402
3.179101 -99.056657 -7.008216
76.591619 56.983006 -27.779004
76.789116 58.660780 -28.562225
75.941650 57.338518 -27.415171
75.578490 58.153369 -27.866699
76.124824 57.138219 -28.185144
76.799059 58.624557 -27.140570
76.254767 57.913489 -26.917669
76.099210 58.798000 -27.529645
75.681258 57.507247 -27.866699
75.921016 58.587068 -28.333218
-38.154386 -92.338294 -14.278667
-37.701064 -91.450572 -14.785588
-37.402910 -92.114896 -14.275672
-37.010387 -91.429241 -13.834538
-37.525865 -92.255135 -13.482735
-38.057518 -90.465882 -13.980537
-37.991606 -92.452241 -13.891393
-38.775890 -91.131601 -13.278144
-38.481890 -92.335729 -13.834538
-37.502657 -90.675178 -13.465874
37.598065 65.428175 65.336971
37.716429 66.718493 63.988233
37.783458 65.379500 64.593851
37.670897 67.256357 64.844745
36.888849 65.549639 64.445669
37.129171 66.302985 63.893864
37.494596 65.300660 64.670965
37.752699 67.205135 64.616199
37.286728 65.295352 64.844745
36.998315 67.123141 64.525201
-0.447555 -100.966343 2.274806
-0.616045 -99.204961 2.978685
-1.217390 -100.120463 2.948657
-0.250026 -98.985215 2.367465
-0.673803 -100.919568 2.181213
-0.247486 -99.135941 2.890555
-0.708617 -100.306029 3.263592
-0.435169 -98.971340 2.380340
-0.915620 -100.838178 2.367465
-0.567981 -98.988563 2.258097
-72.731528 30.746101 60.712480
-72.956682 31.851495 61.902854
-72.305884 30.806690 60.710654

A text graph